0.00 2568.86 0.00
0.99 2568.69 1.00
1.98 2568.61 2.00
2.98 2568.53 3.00
3.98 2568.51 4.00
4.98 2568.44 5.00
5.97 2568.36 6.00
6.97 2568.30 7.00
7.97 2568.20 8.00
8.97 2568.21 9.00
9.97 2568.15 10.00
10.96 2568.06 11.00
11.96 2568.02 12.00
12.96 2568.01 13.00
13.96 2567.96 14.00
14.96 2567.94 15.00
15.96 2567.91 16.00
16.96 2567.91 17.00
17.96 2567.91 18.00
18.96 2567.90 19.00
19.96 2567.90 20.00
20.96 2567.92 21.00
21.96 2567.94 22.00
22.96 2567.97 23.00
23.96 2567.99 24.00
24.95 2567.95 25.00
25.95 2567.94 26.00
26.95 2568.00 27.00
27.95 2568.04 28.00
28.95 2567.97 29.00
29.95 2567.98 30.00
30.95 2568.00 31.00
31.95 2567.99 32.00
32.95 2567.99 33.00
33.95 2568.00 34.00
34.95 2568.00 35.00
35.95 2568.06 36.00
36.95 2568.02 37.00
37.95 2567.99 38.00
38.95 2568.03 39.00
39.94 2568.11 40.00
40.94 2568.14 41.00
41.94 2568.18 42.00
42.94 2568.25 43.00
43.93 2568.34 44.00
44.93 2568.46 45.00
45.93 2568.53 46.00
46.92 2568.65 47.00
47.91 2568.74 48.00
48.90 2568.90 49.00
49.89 2569.05 50.00
50.87 2569.23 51.00
51.85 2569.45 52.00
52.82 2569.68 53.00
53.82 2569.81 54.00
54.81 2569.92 55.00
55.79 2570.14 56.00
56.74 2570.39 57.00
57.71 2570.63 58.00
58.66 2570.96 59.00
59.60 2571.30 60.00
60.55 2571.60 61.00
61.50 2571.89 62.00
62.46 2572.22 63.00
63.39 2572.50 64.00
64.30 2572.90 65.00
65.21 2573.31 66.00
66.14 2573.75 67.00
67.09 2574.11 68.00
68.06 2574.41 69.00
68.94 2574.63 70.00
69.89 2575.13 71.00
70.84 2575.48 72.00
71.78 2575.79 73.00
72.71 2576.11 74.00
73.59 2576.44 75.00
74.55 2576.90 76.00
75.52 2577.34 77.00
76.42 2577.55 78.00
77.36 2577.88 79.00
78.29 2578.28 80.00
79.25 2578.64 81.00
80.22 2579.00 82.00
81.17 2579.26 83.00
82.13 2579.52 84.00
83.10 2579.84 85.00
84.10 2580.13 86.00
85.08 2580.34 87.00
86.06 2580.45 88.00
87.02 2580.62 89.00
88.01 2580.84 90.00
88.99 2581.14 91.00
89.98 2581.29 92.00
90.96 2581.44 93.00
91.95 2581.61 94.00
92.94 2581.80 95.00
93.93 2581.98 96.00
94.90 2582.08 97.00
95.89 2582.23 98.00
96.88 2582.45 99.00
97.85 2582.60 100.00
98.83 2582.75 101.00
99.83 2583.00 102.00
100.82 2583.23 103.00
101.82 2583.26 104.00
102.81 2583.40 105.00
103.81 2583.46 106.00
104.80 2583.57 107.00
105.80 2583.68 108.00
106.79 2583.78 109.00
107.79 2583.87 110.00
108.78 2584.01 111.00
109.78 2584.10 112.00
110.77 2584.16 113.00
111.77 2584.26 114.00
112.77 2584.35 115.00
113.77 2584.38 116.00
114.77 2584.44 117.00
115.77 2584.48 118.00
116.77 2584.52 119.00
117.77 2584.54 120.00
118.77 2584.55 121.00
119.76 2584.58 122.00
120.76 2584.58 123.00
121.76 2584.61 124.00
122.76 2584.57 125.00
123.76 2584.52 126.00
124.76 2584.54 127.00
125.76 2584.56 128.00
126.75 2584.46 129.00
127.75 2584.46 130.00
128.75 2584.44 131.00
129.75 2584.39 132.00
130.74 2584.35 133.00
131.74 2584.26 134.00
132.73 2584.14 135.00
133.72 2584.11 136.00
134.72 2584.03 137.00
135.72 2583.92 138.00
136.72 2583.80 139.00
137.71 2583.73 140.00
138.71 2583.67 141.00
139.70 2583.62 142.00
140.70 2583.52 143.00
141.69 2583.41 144.00
142.69 2583.29 145.00
143.68 2583.21 146.00
144.68 2583.14 147.00
145.68 2583.01 148.00
146.66 2582.89 149.00
147.64 2582.88 150.00
148.64 2582.73 151.00
149.63 2582.57 152.00
150.63 2582.49 153.00
151.62 2582.38 154.00
152.61 2582.26 155.00
153.61 2582.15 156.00
154.60 2582.04 157.00
155.60 2581.94 158.00
156.60 2581.81 159.00
157.58 2581.78 160.00
158.58 2581.61 161.00
159.58 2581.54 162.00
160.57 2581.39 163.00
161.56 2581.35 164.00
162.55 2581.26 165.00
163.55 2581.14 166.00
164.54 2581.00 167.00
165.53 2580.87 168.00
166.53 2580.78 169.00
167.52 2580.66 170.00
168.51 2580.54 171.00
169.51 2580.43 172.00
170.50 2580.32 173.00
171.50 2580.20 174.00
172.49 2580.13 175.00
173.48 2579.99 176.00
174.48 2579.90 177.00
175.47 2579.78 178.00
176.46 2579.65 179.00
177.45 2579.60 180.00
178.45 2579.40 181.00
179.44 2579.30 182.00
180.44 2579.20 183.00
181.43 2579.15 184.00
182.42 2579.00 185.00
183.41 2578.86 186.00
184.41 2578.74 187.00
185.40 2578.63 188.00
186.40 2578.53 189.00
187.39 2578.43 190.00
188.39 2578.32 191.00
189.39 2578.20 192.00
190.38 2578.08 193.00
191.36 2578.09 194.00
192.36 2578.04 195.00
193.35 2577.87 196.00
194.35 2577.73 197.00
195.35 2577.62 198.00
196.33 2577.49 199.00
197.33 2577.48 200.00
198.32 2577.31 201.00
199.31 2577.20 202.00
200.31 2577.15 203.00
201.31 2577.00 204.00
202.31 2576.90 205.00
203.30 2576.79 206.00
204.30 2576.74 207.00
205.29 2576.66 208.00
206.29 2576.60 209.00
207.28 2576.49 210.00
208.27 2576.40 211.00
209.27 2576.31 212.00
210.27 2576.20 213.00
211.26 2576.11 214.00
212.25 2576.07 215.00
213.25 2575.92 216.00
214.24 2575.82 217.00
215.24 2575.72 218.00
216.23 2575.63 219.00
217.22 2575.52 220.00
218.21 2575.39 221.00
219.21 2575.30 222.00
220.19 2575.16 223.00
221.18 2575.03 224.00
222.17 2574.89 225.00
223.16 2574.75 226.00
224.15 2574.59 227.00
225.14 2574.46 228.00
226.12 2574.30 229.00
227.11 2574.14 230.00
228.09 2574.06 231.00
229.09 2573.86 232.00
230.07 2573.68 233.00
231.05 2573.50 234.00
232.04 2573.39 235.00
233.04 2573.22 236.00
234.04 2573.01 237.00
235.04 2572.90 238.00
235.98 2572.92 239.00
236.98 2572.81 240.00
237.97 2572.78 241.00
238.97 2572.44 242.00
239.97 2572.41 243.00
240.97 2572.29 244.00
241.97 2572.19 245.00
242.97 2572.16 246.00
243.96 2572.19 247.00
244.96 2572.22 248.00
245.96 2572.20 249.00
246.96 2572.11 250.00
247.96 2572.07 251.00
248.96 2572.02 252.00
249.96 2572.02 253.00
250.96 2572.06 254.00
251.95 2572.12 255.00
252.95 2572.09 256.00
253.95 2572.02 257.00
254.95 2571.95 258.00
255.95 2571.95 259.00
256.94 2571.88 260.00
257.94 2571.87 261.00
258.93 2571.78 262.00
259.92 2571.71 263.00
260.91 2571.63 264.00
261.89 2571.49 265.00
262.88 2571.36 266.00
263.86 2571.22 267.00
264.86 2571.04 268.00
265.85 2570.86 269.00
266.82 2570.70 270.00
267.79 2570.55 271.00
268.75 2570.43 272.00
269.72 2570.20 273.00
270.68 2570.01 274.00
271.63 2569.73 275.00
272.59 2569.46 276.00
273.55 2569.21 277.00
274.54 2568.90 278.00
275.49 2568.61 279.00
276.46 2568.31 280.00
277.43 2568.09 281.00
278.39 2567.89 282.00
279.38 2567.58 283.00
280.35 2567.37 284.00
281.31 2567.07 285.00
282.30 2566.84 286.00
283.29 2566.64 287.00
284.29 2566.38 288.00
285.27 2566.13 289.00
286.26 2565.98 290.00
287.26 2565.87 291.00
288.25 2565.77 292.00
289.25 2565.61 293.00
290.24 2565.49 294.00
291.23 2565.39 295.00
292.22 2565.28 296.00
293.22 2565.16 297.00
294.20 2565.02 298.00
295.20 2564.93 299.00
296.20 2564.79 300.00
297.20 2564.67 301.00
298.20 2564.51 302.00
299.20 2564.49 303.00
300.20 2564.45 304.00
301.20 2564.39 305.00
302.19 2564.37 306.00
303.19 2564.39 307.00
304.19 2564.37 308.00
305.18 2564.29 309.00
306.16 2564.19 310.00
307.15 2564.09 311.00
308.15 2564.02 312.00
309.14 2563.89 313.00
310.13 2563.69 314.00
311.13 2563.53 315.00
312.13 2563.57 316.00
313.13 2563.68 317.00
314.13 2563.78 318.00
315.12 2563.87 319.00
316.12 2563.88 320.00
317.12 2563.99 321.00
318.11 2564.04 322.00
319.11 2564.09 323.00
320.11 2564.12 324.00
321.11 2564.23 325.00
322.09 2564.30 326.00
323.08 2564.37 327.00
324.07 2564.39 328.00
325.07 2564.41 329.00
326.07 2564.62 330.00
327.06 2564.55 331.00
328.06 2564.73 332.00
329.05 2564.79 333.00
330.04 2564.87 334.00
331.04 2564.98 335.00
332.03 2565.06 336.00
333.03 2565.17 337.00
334.03 2565.28 338.00
335.02 2565.34 339.00
336.01 2565.48 340.00
337.00 2565.58 341.00
337.98 2565.64 342.00
338.97 2565.78 343.00
339.96 2565.93 344.00
340.95 2566.07 345.00
341.94 2566.24 346.00
342.93 2566.40 347.00
343.92 2566.55 348.00
344.88 2566.69 349.00
345.87 2566.81 350.00
346.85 2566.95 351.00
347.83 2567.09 352.00
348.80 2567.37 353.00
349.76 2567.51 354.00
350.70 2567.71 355.00
351.66 2567.89 356.00
352.64 2568.09 357.00
353.59 2568.39 358.00
354.53 2568.71 359.00
355.48 2569.00 360.00
356.44 2569.26 361.00
357.35 2569.44 362.00
358.32 2569.79 363.00
359.29 2570.16 364.00
360.26 2570.44 365.00
361.21 2570.72 366.00
362.14 2571.19 367.00
363.11 2571.38 368.00
364.06 2571.63 369.00
365.04 2571.88 370.00
366.02 2572.22 371.00
366.95 2572.59 372.00
367.91 2572.80 373.00
368.89 2573.16 374.00
369.87 2573.33 375.00
370.85 2573.52 376.00
371.79 2573.92 377.00
372.75 2574.20 378.00
373.73 2574.43 379.00
374.68 2574.59 380.00
375.64 2574.80 381.00
376.60 2575.06 382.00
377.57 2575.45 383.00
378.56 2575.60 384.00
379.49 2575.84 385.00
