   0.00000    1.00000    0.00377
   0.00000    2.00000    0.00673
   0.00000    4.00000    0.00942
   0.00000    6.00000    0.01480
   0.00000   10.00000    0.01641
   0.00000   12.00000    0.02018
   0.00000   14.00000    0.02421
   0.00000   22.00000    0.03390
   0.00000   28.00000    0.04224
   0.00000   30.00000    0.04466
   0.00000   32.00000    0.04896
   0.00000   42.00000    0.05891
   0.00000   48.00000    0.05806
   0.00000   50.00000    0.05843
   0.00000   52.00000    0.06279
  10.00000    0.00000    0.01722
  10.00000    2.00000    0.01533
  10.00000    4.00000    0.01453
  10.00000    6.00000    0.01291
  10.00000    8.00000    0.00995
  10.00000   12.00000    0.00861
  10.00000   14.00000    0.01184
  10.00000   16.00000    0.01506
  10.00000   18.00000    0.01856
  10.00000   20.00000    0.02098
  10.00000   22.00000    0.02394
  10.00000   24.00000    0.02825
  10.00000   26.00000    0.03201
  10.00000   28.00000    0.03551
  10.00000   30.00000    0.03793
  10.00000   32.00000    0.04143
  10.00000   34.00000    0.04519
  10.00000   36.00000    0.04977
  10.00000   40.00000    0.04869
  10.00000   42.00000    0.05111
  10.00000   46.00000    0.04950
  10.00000   48.00000    0.04950
  10.00000   50.00000    0.04896
  10.00000   52.00000    0.04923
  10.00000   54.00000    0.05165
  10.00000   56.00000    0.05380
  10.00000   58.00000    0.05703
  10.00000   60.00000    0.06241
  10.00000   62.00000    0.06645
  10.00000   64.00000    0.06725
  10.00000   66.00000    0.06833
  10.00000   80.00000    0.05300
  10.00000   82.00000    0.05273
  10.00000   86.00000    0.05165
  10.00000   88.00000    0.05031
  10.00000   90.00000    0.04869
  10.00000   94.00000    0.04842
  10.00000   96.00000    0.04977
  10.00000   98.00000    0.05004
  10.00000  100.00000    0.05058
  10.00000  102.00000    0.05219
  10.00000  104.00000    0.05111
  10.00000  106.00000    0.05192
  10.00000  108.00000    0.05138
  15.00000    0.00000    0.02556
  15.00000    2.00000    0.02340
  15.00000    4.00000    0.02287
  15.00000   10.00000    0.01399
  15.00000   12.00000    0.00915
  15.00000   14.00000    0.00511
  15.00000   16.00000    0.00484
  15.00000   18.00000    0.00888
  15.00000   20.00000    0.01049
  15.00000   22.00000    0.01506
  15.00000   24.00000    0.01883
  15.00000   26.00000    0.02340
  15.00000   28.00000    0.02744
  15.00000   30.00000    0.02932
  15.00000   32.00000    0.03363
  15.00000   34.00000    0.03766
  15.00000   36.00000    0.04170
  15.00000   38.00000    0.04412
  15.00000   40.00000    0.04546
  15.00000   42.00000    0.04788
  15.00000   44.00000    0.04600
  15.00000   46.00000    0.04600
  15.00000   48.00000    0.04627
  15.00000   50.00000    0.04654
  15.00000   52.00000    0.04735
  15.00000   54.00000    0.04950
  15.00000   56.00000    0.05192
  15.00000   58.00000    0.05380
  15.00000   60.00000    0.06053
  15.00000   62.00000    0.06510
  15.00000   64.00000    0.06591
  15.00000   66.00000    0.06672
  15.00000   68.00000    0.06779
  15.00000   70.00000    0.06779
  15.00000   72.00000    0.06941
  15.00000   74.00000    0.06887
  15.00000   86.00000    0.05033
  15.00000   88.00000    0.04738
  15.00000   90.00000    0.04480
  15.00000   92.00000    0.04738
  15.00000   94.00000    0.04775
  15.00000   96.00000    0.04591
  15.00000  100.00000    0.04480
  15.00000  102.00000    0.04775
  15.00000  104.00000    0.05033
  15.00000  106.00000    0.05033
  15.00000  108.00000    0.04922
  15.00000  110.00000    0.05328
  15.00000  112.00000    0.05402
  15.00000  114.00000    0.05733
  15.00000  116.00000    0.05659
  15.00000  124.00000    0.06645
  15.00000  126.00000    0.06968
  15.00000  128.00000    0.07237
  15.00000  130.00000    0.07344
  15.00000  132.00000    0.07613
  15.00000  136.00000    0.08071
  20.00000    2.00000    0.03040
  20.00000    4.00000    0.03013
  20.00000    6.00000    0.02852
  20.00000    8.00000    0.02744
  20.00000   10.00000    0.02071
  20.00000   12.00000    0.01829
  20.00000   14.00000    0.01506
  20.00000   16.00000    0.01049
  20.00000   18.00000    0.00753
  20.00000   22.00000    0.00834
  20.00000   24.00000    0.01184
  20.00000   26.00000    0.01749
  20.00000   28.00000    0.02071
  20.00000   30.00000    0.02287
  20.00000   32.00000    0.02825
  20.00000   34.00000    0.03174
  20.00000   36.00000    0.03578
  20.00000   42.00000    0.04493
  20.00000   44.00000    0.04197
  20.00000   46.00000    0.04358
  20.00000   48.00000    0.04546
  20.00000   50.00000    0.04546
  20.00000   52.00000    0.04681
  20.00000   54.00000    0.04815
  20.00000   58.00000    0.05407
  20.00000   60.00000    0.05811
  20.00000   62.00000    0.06429
  20.00000   70.00000    0.06080
  20.00000   72.00000    0.06134
  20.00000   74.00000    0.06080
  20.00000   76.00000    0.05999
  20.00000   80.00000    0.05596
  20.00000   82.00000    0.05515
  20.00000   86.00000    0.05273
  20.00000   88.00000    0.05192
  20.00000   90.00000    0.04869
  20.00000   92.00000    0.04950
  20.00000   94.00000    0.04950
  20.00000   96.00000    0.04950
  20.00000  100.00000    0.05031
  30.00000    0.00000    0.04546
  30.00000    2.00000    0.04627
  30.00000    4.00000    0.04519
  30.00000    6.00000    0.04358
  30.00000    8.00000    0.04331
  30.00000   10.00000    0.03847
  30.00000   12.00000    0.03524
  30.00000   14.00000    0.03147
  30.00000   16.00000    0.02905
  30.00000   18.00000    0.02448
  30.00000   20.00000    0.02206
  30.00000   22.00000    0.01937
  30.00000   24.00000    0.01453
  30.00000   26.00000    0.01211
  30.00000   28.00000    0.00807
  30.00000   32.00000    0.00968
  30.00000   34.00000    0.01560
  30.00000   38.00000    0.02314
  30.00000   40.00000    0.02475
  30.00000   42.00000    0.02986
  30.00000   44.00000    0.02878
  30.00000   46.00000    0.03094
  30.00000   48.00000    0.03470
  30.00000   50.00000    0.03551
  30.00000   52.00000    0.03632
  30.00000   54.00000    0.03793
  30.00000   56.00000    0.04089
  30.00000   58.00000    0.04385
  30.00000   60.00000    0.04869
  30.00000   62.00000    0.05461
  30.00000   64.00000    0.05918
  30.00000   66.00000    0.06362
  30.00000   86.00000    0.05824
  30.00000   88.00000    0.05689
  30.00000   90.00000    0.05312
  30.00000   92.00000    0.05474
  30.00000   94.00000    0.05581
  30.00000   96.00000    0.05608
  30.00000   98.00000    0.05555
  30.00000  100.00000    0.05447
  30.00000  102.00000    0.05635
  30.00000  104.00000    0.05797
  30.00000  106.00000    0.05850
  30.00000  108.00000    0.05662
  30.00000  110.00000    0.06308
  30.00000  112.00000    0.06066
  30.00000  114.00000    0.06711
  30.00000  120.00000    0.06927
  30.00000  122.00000    0.07007
  30.00000  124.00000    0.07276
  30.00000  126.00000    0.07680
  30.00000  130.00000    0.07841
  30.00000  132.00000    0.08137
  30.00000  134.00000    0.08433
  30.00000  136.00000    0.08837
  30.00000  138.00000    0.08245
  30.00000  140.00000    0.08890
  40.00000    2.00000    0.05622
  40.00000    4.00000    0.05569
  40.00000    8.00000    0.05300
  40.00000   10.00000    0.04977
  40.00000   12.00000    0.04842
  40.00000   14.00000    0.04681
  40.00000   16.00000    0.04573
  40.00000   18.00000    0.04331
  40.00000   20.00000    0.04224
  40.00000   22.00000    0.03901
  40.00000   24.00000    0.03739
  40.00000   26.00000    0.03390
  40.00000   28.00000    0.03040
  40.00000   30.00000    0.02556
  40.00000   32.00000    0.02206
  40.00000   34.00000    0.01776
  40.00000   36.00000    0.01211
  40.00000   42.00000    0.01211
  40.00000   44.00000    0.01506
  40.00000   46.00000    0.01722
  40.00000   48.00000    0.02179
  40.00000   50.00000    0.02583
  40.00000   52.00000    0.02771
  40.00000   56.00000    0.03255
  40.00000   58.00000    0.03524
  40.00000   60.00000    0.04197
  40.00000   62.00000    0.04681
  40.00000   64.00000    0.05058
  40.00000   66.00000    0.05542
  40.00000   88.00000    0.05784
  40.00000   92.00000    0.05649
  40.00000   94.00000    0.05730
  40.00000   96.00000    0.05811
  40.00000  102.00000    0.05865
  40.00000  104.00000    0.05918
  40.00000  108.00000    0.06295
  40.00000  110.00000    0.06860
  40.00000  120.00000    0.07129
  40.00000  122.00000    0.07290
  40.00000  124.00000    0.07479
  45.00000    2.00000    0.05703
  45.00000    4.00000    0.05703
  45.00000    8.00000    0.05515
  45.00000   10.00000    0.05084
  45.00000   12.00000    0.05031
  45.00000   14.00000    0.04842
  45.00000   16.00000    0.04627
  45.00000   18.00000    0.04493
  45.00000   20.00000    0.04250
  45.00000   22.00000    0.04297
  45.00000   24.00000    0.03977
  45.00000   26.00000    0.03764
  45.00000   28.00000    0.03444
  45.00000   30.00000    0.03089
  45.00000   32.00000    0.02628
  45.00000   34.00000    0.02344
  45.00000   36.00000    0.01989
  45.00000   38.00000    0.01776
  45.00000   42.00000    0.00852
  45.00000   48.00000    0.00888
  45.00000   50.00000    0.01314
  45.00000   52.00000    0.01953
  45.00000   54.00000    0.02344
  45.00000   56.00000    0.02699
  45.00000   58.00000    0.02841
  45.00000   60.00000    0.03409
  45.00000   62.00000    0.04084
  45.00000   64.00000    0.04474
  45.00000   66.00000    0.04900
  45.00000   68.00000    0.05362
  45.00000   70.00000    0.05753
  45.00000   72.00000    0.05859
  45.00000   74.00000    0.06072
  45.00000   76.00000    0.06356
  45.00000   80.00000    0.06392
  45.00000   82.00000    0.06214
  45.00000   88.00000    0.05800
  45.00000   90.00000    0.05762
  45.00000   92.00000    0.05536
  45.00000   94.00000    0.05574
  45.00000   96.00000    0.05762
  45.00000  100.00000    0.05348
  45.00000  102.00000    0.05762
  45.00000  104.00000    0.05762
  45.00000  106.00000    0.05687
  45.00000  108.00000    0.05687
  45.00000  112.00000    0.06177
  45.00000  114.00000    0.06591
  50.00000    0.00000    0.05918
  50.00000    2.00000    0.05999
  50.00000    4.00000    0.05757
  50.00000    8.00000    0.05434
  50.00000   10.00000    0.05004
  50.00000   12.00000    0.04950
  50.00000   14.00000    0.04896
  50.00000   16.00000    0.04788
  50.00000   18.00000    0.04842
  50.00000   20.00000    0.04708
  50.00000   22.00000    0.04493
  50.00000   24.00000    0.04466
  50.00000   26.00000    0.04439
  50.00000   28.00000    0.04089
  50.00000   30.00000    0.03739
  50.00000   32.00000    0.03309
  50.00000   34.00000    0.03013
  50.00000   36.00000    0.02825
  50.00000   38.00000    0.02529
  50.00000   40.00000    0.02583
  50.00000   42.00000    0.02583
  50.00000   44.00000    0.02260
  50.00000   46.00000    0.01829
  50.00000   48.00000    0.01264
  50.00000   52.00000    0.00968
  50.00000   54.00000    0.01318
  50.00000   56.00000    0.01560
  50.00000   60.00000    0.02475
  50.00000   62.00000    0.03094
  50.00000   64.00000    0.03524
  50.00000   66.00000    0.03901
  50.00000   68.00000    0.04304
  50.00000   70.00000    0.04573
  50.00000   72.00000    0.04762
  50.00000   74.00000    0.05031
  50.00000   76.00000    0.05300
  50.00000   78.00000    0.05300
  50.00000   80.00000    0.05353
  50.00000   82.00000    0.05192
  50.00000   84.00000    0.05246
  50.00000   86.00000    0.05434
  50.00000   88.00000    0.05488
  50.00000   90.00000    0.05058
  50.00000   92.00000    0.05273
  50.00000   94.00000    0.05165
  50.00000   96.00000    0.05327
  50.00000   98.00000    0.05219
  50.00000  100.00000    0.05407
  50.00000  102.00000    0.05703
  50.00000  104.00000    0.05811
  50.00000  114.00000    0.05811
  50.00000  120.00000    0.06564
  50.00000  122.00000    0.06806
  50.00000  124.00000    0.07129
  50.00000  126.00000    0.07479
  50.00000  130.00000    0.07775
  50.00000  132.00000    0.07936
  50.00000  134.00000    0.08124
  50.00000  136.00000    0.08689
  60.00000    2.00000    0.06881
  60.00000    4.00000    0.06949
  60.00000    8.00000    0.06711
  60.00000   10.00000    0.06339
  60.00000   12.00000    0.06237
  60.00000   14.00000    0.06237
  60.00000   16.00000    0.06080
  60.00000   18.00000    0.06026
  60.00000   20.00000    0.05627
  60.00000   22.00000    0.05966
  60.00000   24.00000    0.05830
  60.00000   26.00000    0.05898
  60.00000   28.00000    0.05457
  60.00000   30.00000    0.04847
  60.00000   32.00000    0.04745
  60.00000   34.00000    0.04508
  60.00000   36.00000    0.04271
  60.00000   40.00000    0.04237
  60.00000   42.00000    0.04169
  60.00000   44.00000    0.03661
  60.00000   46.00000    0.03356
  60.00000   48.00000    0.02847
  60.00000   50.00000    0.02508
  60.00000   52.00000    0.01966
  60.00000   54.00000    0.01695
  60.00000   56.00000    0.01424
  60.00000   58.00000    0.00780
  60.00000   62.00000    0.01288
  60.00000   64.00000    0.01661
  60.00000   66.00000    0.02203
  60.00000   68.00000    0.02712
  60.00000   70.00000    0.02881
  60.00000   72.00000    0.03118
  60.00000   74.00000    0.03322
  60.00000   76.00000    0.03966
  60.00000   78.00000    0.03593
  60.00000   80.00000    0.03661
  60.00000   82.00000    0.03796
  60.00000   84.00000    0.03830
  60.00000   86.00000    0.04000
  60.00000   88.00000    0.04068
  60.00000   90.00000    0.03932
  60.00000   92.00000    0.04169
  60.00000   94.00000    0.04237
  60.00000   96.00000    0.04237
  60.00000  100.00000    0.04068
  60.00000  102.00000    0.04339
  60.00000  104.00000    0.04339
  60.00000  106.00000    0.04406
  60.00000  108.00000    0.04440
  60.00000  112.00000    0.04576
  60.00000  114.00000    0.04779
  60.00000  120.00000    0.05322
  60.00000  122.00000    0.05389
  60.00000  124.00000    0.05728
  60.00000  126.00000    0.06000
  60.00000  130.00000    0.06542
  60.00000  132.00000    0.06508
  60.00000  134.00000    0.06305
  60.00000  136.00000    0.06881
  60.00000  138.00000    0.06610
  70.00000   30.00000    0.07532
  70.00000   32.00000    0.07183
  70.00000   34.00000    0.06833
  70.00000   36.00000    0.06591
  70.00000   38.00000    0.06241
  70.00000   40.00000    0.06349
  70.00000   42.00000    0.06403
  70.00000   44.00000    0.05891
  70.00000   46.00000    0.05515
  70.00000   48.00000    0.05111
  70.00000   50.00000    0.04627
  70.00000   52.00000    0.03981
  70.00000   54.00000    0.03928
  70.00000   56.00000    0.03659
  70.00000   58.00000    0.03147
  70.00000   60.00000    0.02878
  70.00000   62.00000    0.02314
  70.00000   64.00000    0.01722
  70.00000   66.00000    0.01318
  70.00000   74.00000    0.01157
  70.00000   76.00000    0.01291
  70.00000   78.00000    0.01453
  70.00000   80.00000    0.01587
  70.00000   82.00000    0.01722
  70.00000   84.00000    0.01937
  70.00000   86.00000    0.02287
  70.00000   88.00000    0.02609
  70.00000   90.00000    0.02663
  70.00000   92.00000    0.02878
  70.00000   94.00000    0.02986
  70.00000   96.00000    0.03094
  70.00000   98.00000    0.03040
  70.00000  100.00000    0.03174
  70.00000  102.00000    0.03443
  70.00000  104.00000    0.03497
  70.00000  106.00000    0.03578
  70.00000  108.00000    0.03686
  70.00000  112.00000    0.04035
  70.00000  114.00000    0.04250
  70.00000  120.00000    0.05004
  70.00000  122.00000    0.05219
  75.00000   44.00000    0.06629
  75.00000   46.00000    0.06241
  75.00000   48.00000    0.05768
  75.00000   50.00000    0.05380
  75.00000   52.00000    0.05079
  75.00000   54.00000    0.04889
  75.00000   56.00000    0.04603
  75.00000   58.00000    0.04095
  75.00000   60.00000    0.03841
  75.00000   62.00000    0.03460
  75.00000   64.00000    0.02793
  75.00000   66.00000    0.02190
  75.00000   68.00000    0.01619
  75.00000   70.00000    0.01302
  75.00000   72.00000    0.00921
  75.00000   74.00000    0.00317
  75.00000   76.00000    0.00286
  75.00000   78.00000    0.00825
  75.00000   80.00000    0.01175
  75.00000   82.00000    0.01238
  75.00000   84.00000    0.01460
  75.00000   86.00000    0.01936
  75.00000   88.00000    0.02222
  75.00000   90.00000    0.02381
  75.00000   92.00000    0.02603
  75.00000   94.00000    0.02793
  75.00000   96.00000    0.02857
  75.00000   98.00000    0.02952
  75.00000  100.00000    0.03016
  75.00000  102.00000    0.03206
  75.00000  104.00000    0.03428
  75.00000  106.00000    0.03587
  75.00000  108.00000    0.03524
  75.00000  110.00000    0.03714
  75.00000  112.00000    0.03905
  75.00000  114.00000    0.04222
  90.00000    8.00000    0.05461
  90.00000   10.00000    0.04896
  90.00000   12.00000    0.04896
  90.00000   14.00000    0.04735
  90.00000   16.00000    0.04842
  90.00000   18.00000    0.04896
  90.00000   22.00000    0.05004
  90.00000   24.00000    0.05246
  90.00000   26.00000    0.05434
  90.00000   28.00000    0.05622
  90.00000   30.00000    0.05461
  90.00000   32.00000    0.05273
  90.00000   34.00000    0.05084
  90.00000   36.00000    0.05273
  90.00000   48.00000    0.05273
  90.00000   50.00000    0.04977
  90.00000   52.00000    0.04573
  90.00000   54.00000    0.04170
  90.00000   56.00000    0.03981
  90.00000   58.00000    0.03928
  90.00000   60.00000    0.03955
  90.00000   62.00000    0.04143
  90.00000   64.00000    0.03793
  90.00000   66.00000    0.03390
  90.00000   68.00000    0.02825
  90.00000   70.00000    0.02636
  90.00000   72.00000    0.02448
  90.00000   74.00000    0.02421
  90.00000   76.00000    0.02233
  90.00000   78.00000    0.02071
  90.00000   80.00000    0.01937
  90.00000   82.00000    0.01722
  90.00000   84.00000    0.01533
  90.00000   86.00000    0.01211
  90.00000   88.00000    0.00942
  90.00000   92.00000    0.00942
  90.00000   94.00000    0.01157
  90.00000   96.00000    0.01614
  90.00000   98.00000    0.01749
  90.00000  100.00000    0.01829
  90.00000  102.00000    0.02098
  90.00000  104.00000    0.02179
  90.00000  106.00000    0.02394
  90.00000  108.00000    0.02448
  90.00000  110.00000    0.02583
  90.00000  112.00000    0.02636
  90.00000  114.00000    0.02905
  90.00000  118.00000    0.03417
  90.00000  120.00000    0.03766
  90.00000  122.00000    0.04008
  90.00000  124.00000    0.04412
  90.00000  126.00000    0.04600
  90.00000  130.00000    0.04869
  90.00000  132.00000    0.05192
  90.00000  134.00000    0.05353
  90.00000  136.00000    0.05569
  90.00000  138.00000    0.05380
  90.00000  144.00000    0.05273
  90.00000  146.00000    0.05488
  90.00000  150.00000    0.05784
  90.00000  152.00000    0.05622
  90.00000  154.00000    0.05542
  90.00000  156.00000    0.05838
  90.00000  158.00000    0.05703
  90.00000  160.00000    0.05703
  90.00000  162.00000    0.06053
  90.00000  164.00000    0.05784
  90.00000  168.00000    0.05945
  90.00000  170.00000    0.06214
  90.00000  172.00000    0.06510
  90.00000  174.00000    0.06510
  90.00000  176.00000    0.06429
  90.00000  178.00000    0.06483
  90.00000  180.00000    0.06564
  90.00000  182.00000    0.06645
 100.00000    6.00000    0.05084
 100.00000    8.00000    0.05246
 100.00000   10.00000    0.04950
 100.00000   12.00000    0.04869
 100.00000   14.00000    0.04762
 100.00000   16.00000    0.04923
 100.00000   18.00000    0.05004
 100.00000   20.00000    0.05084
 100.00000   22.00000    0.05031
 100.00000   24.00000    0.05138
 100.00000   26.00000    0.05165
 100.00000   28.00000    0.05461
 100.00000   30.00000    0.05461
 100.00000   32.00000    0.05300
 100.00000   34.00000    0.05111
 100.00000   36.00000    0.05004
 100.00000   40.00000    0.05434
 100.00000   50.00000    0.05353
 100.00000   56.00000    0.04116
 100.00000   58.00000    0.04062
 100.00000   60.00000    0.04062
 100.00000   62.00000    0.04304
 100.00000   64.00000    0.04197
 100.00000   66.00000    0.03793
 100.00000   68.00000    0.03443
 100.00000   70.00000    0.03121
 100.00000   72.00000    0.03013
 100.00000   74.00000    0.03147
 100.00000   76.00000    0.02878
 100.00000   80.00000    0.02717
 100.00000   82.00000    0.02583
 100.00000   84.00000    0.02421
 100.00000   86.00000    0.02421
 100.00000   88.00000    0.02233
 100.00000   90.00000    0.01883
 100.00000   92.00000    0.01829
 100.00000   94.00000    0.01587
 100.00000   96.00000    0.01453
 100.00000  102.00000    0.01211
 100.00000  104.00000    0.01372
 100.00000  106.00000    0.01695
 100.00000  108.00000    0.01749
 100.00000  110.00000    0.01910
 100.00000  112.00000    0.02071
 100.00000  114.00000    0.02287
 100.00000  118.00000    0.02825
 100.00000  120.00000    0.03174
 100.00000  122.00000    0.03578
 100.00000  124.00000    0.03874
 100.00000  126.00000    0.04224
 100.00000  130.00000    0.04546
 100.00000  132.00000    0.04708
 100.00000  134.00000    0.04815
 100.00000  136.00000    0.05084
 100.00000  138.00000    0.04950
 100.00000  144.00000    0.05138
 100.00000  146.00000    0.05246
 100.00000  150.00000    0.05407
 100.00000  152.00000    0.05353
 100.00000  154.00000    0.05596
 100.00000  156.00000    0.05569
 100.00000  158.00000    0.05596
 100.00000  160.00000    0.05676
 100.00000  162.00000    0.05515
 100.00000  164.00000    0.05703
 100.00000  166.00000    0.05838
 100.00000  168.00000    0.05999
 100.00000  170.00000    0.05999
 100.00000  174.00000    0.06187
 100.00000  176.00000    0.06322
 100.00000  178.00000    0.06241
 100.00000  180.00000    0.06160
 100.00000  182.00000    0.06564
 100.00000  186.00000    0.06456
 100.00000  188.00000    0.06725
 100.00000  190.00000    0.06779
 105.00000    8.00000    0.05657
 105.00000   10.00000    0.05310
 105.00000   12.00000    0.05136
 105.00000   14.00000    0.05205
 105.00000   16.00000    0.05171
 105.00000   18.00000    0.05171
 105.00000   22.00000    0.05414
 105.00000   24.00000    0.05414
 105.00000   26.00000    0.05622
 105.00000   28.00000    0.05691
 105.00000   30.00000    0.05830
 105.00000   32.00000    0.05691
 105.00000   34.00000    0.05518
 105.00000   36.00000    0.05622
 105.00000   54.00000    0.04442
 105.00000   56.00000    0.04164
 105.00000   58.00000    0.04234
 105.00000   60.00000    0.04407
 105.00000   62.00000    0.04442
 105.00000   64.00000    0.04546
 105.00000   66.00000    0.04303
 105.00000   68.00000    0.03852
 105.00000   70.00000    0.03574
 105.00000   72.00000    0.03401
 105.00000   74.00000    0.03505
 105.00000   76.00000    0.03366
 105.00000   80.00000    0.03193
 105.00000   82.00000    0.03054
 105.00000   84.00000    0.02915
 105.00000   86.00000    0.02846
 105.00000   88.00000    0.02811
 105.00000   90.00000    0.02325
 105.00000   92.00000    0.02290
 105.00000   94.00000    0.02152
 105.00000   96.00000    0.02013
 105.00000   98.00000    0.01874
 105.00000  100.00000    0.01527
 105.00000  102.00000    0.01423
 105.00000  104.00000    0.00868
 105.00000  106.00000    0.00833
 105.00000  108.00000    0.01319
 105.00000  110.00000    0.01215
 105.00000  112.00000    0.01527
 105.00000  114.00000    0.01839
 105.00000  118.00000    0.02256
 105.00000  120.00000    0.02776
 105.00000  122.00000    0.03297
 105.00000  124.00000    0.03644
 105.00000  126.00000    0.04164
 105.00000  128.00000    0.04442
 105.00000  130.00000    0.04616
 105.00000  132.00000    0.04824
 105.00000  134.00000    0.05032
 105.00000  136.00000    0.05448
 105.00000  138.00000    0.05205
 105.00000  140.00000    0.05761
 105.00000  144.00000    0.05136
 105.00000  146.00000    0.05275
 105.00000  148.00000    0.05344
 105.00000  150.00000    0.05171
 105.00000  152.00000    0.05275
 105.00000  154.00000    0.05414
 105.00000  156.00000    0.05379
 105.00000  158.00000    0.05553
 105.00000  160.00000    0.05900
 105.00000  162.00000    0.05657
 105.00000  164.00000    0.05865
 105.00000  166.00000    0.05761
 105.00000  168.00000    0.05969
 105.00000  170.00000    0.06281
 105.00000  174.00000    0.06142
 105.00000  176.00000    0.06351
 105.00000  178.00000    0.06316
 105.00000  184.00000    0.06594
 105.00000  188.00000    0.06732
 105.00000  190.00000    0.06941
 110.00000    2.00000    0.05676
 110.00000    4.00000    0.05461
 110.00000    8.00000    0.05434
 110.00000   10.00000    0.05327
 110.00000   12.00000    0.05165
 110.00000   14.00000    0.05138
 110.00000   16.00000    0.05192
 110.00000   18.00000    0.05407
 110.00000   22.00000    0.05246
 110.00000   24.00000    0.05353
 110.00000   26.00000    0.05838
 110.00000   28.00000    0.05999
 110.00000   30.00000    0.06026
 110.00000   32.00000    0.05918
 110.00000   34.00000    0.05730
 110.00000   36.00000    0.05622
 110.00000   64.00000    0.04546
 110.00000   66.00000    0.04224
 110.00000   68.00000    0.04008
 110.00000   70.00000    0.03901
 110.00000   74.00000    0.03712
 110.00000   76.00000    0.03605
 110.00000   80.00000    0.03443
 110.00000   82.00000    0.03309
 110.00000   86.00000    0.03121
 110.00000   88.00000    0.02905
 110.00000   90.00000    0.02609
 110.00000   92.00000    0.02556
 110.00000   94.00000    0.02340
 110.00000   96.00000    0.02206
 110.00000   98.00000    0.02018
 110.00000  100.00000    0.01856
 110.00000  102.00000    0.01856
 110.00000  104.00000    0.01695
 110.00000  106.00000    0.01506
 110.00000  108.00000    0.01076
 110.00000  112.00000    0.00915
 110.00000  114.00000    0.01264
 110.00000  118.00000    0.01695
 110.00000  120.00000    0.01991
 110.00000  122.00000    0.02421
 110.00000  124.00000    0.02798
 110.00000  126.00000    0.03121
 110.00000  132.00000    0.04519
 110.00000  134.00000    0.04815
 110.00000  136.00000    0.05084
 110.00000  144.00000    0.04923
 110.00000  146.00000    0.05219
 110.00000  150.00000    0.05622
 110.00000  152.00000    0.05407
 110.00000  154.00000    0.05515
 110.00000  156.00000    0.05596
 110.00000  158.00000    0.05622
 110.00000  160.00000    0.05703
 110.00000  162.00000    0.05891
 110.00000  164.00000    0.05945
 110.00000  166.00000    0.06107
 110.00000  168.00000    0.06214
 110.00000  170.00000    0.06241
 110.00000  172.00000    0.06322
 110.00000  174.00000    0.06376
 110.00000  176.00000    0.06456
 110.00000  178.00000    0.06618
 110.00000  182.00000    0.06699
 110.00000  184.00000    0.06941
 110.00000  186.00000    0.06752
 110.00000  188.00000    0.07102
 110.00000  190.00000    0.07183
 120.00000   56.00000    0.05339
 120.00000   58.00000    0.05557
 120.00000   60.00000    0.05230
 120.00000   62.00000    0.05375
 120.00000   64.00000    0.05411
 120.00000   66.00000    0.05302
 120.00000   68.00000    0.05121
 120.00000   70.00000    0.05157
 120.00000   72.00000    0.05157
 120.00000   74.00000    0.05048
 120.00000   76.00000    0.04758
 120.00000   80.00000    0.04685
 120.00000   82.00000    0.04794
 120.00000   86.00000    0.04285
 120.00000   88.00000    0.04176
 120.00000   90.00000    0.03813
 120.00000   92.00000    0.03704
 120.00000   94.00000    0.03632
 120.00000   96.00000    0.03559
 120.00000   98.00000    0.03523
 120.00000  100.00000    0.03014
 120.00000  102.00000    0.03160
 120.00000  104.00000    0.02978
 120.00000  106.00000    0.02833
 120.00000  108.00000    0.02361
 120.00000  110.00000    0.02034
 120.00000  112.00000    0.01634
 120.00000  114.00000    0.01489
 120.00000  124.00000    0.01198
 120.00000  126.00000    0.01743
 120.00000  128.00000    0.02215
 120.00000  130.00000    0.02760
 120.00000  132.00000    0.02942
 120.00000  134.00000    0.03414
 120.00000  136.00000    0.03813
 120.00000  138.00000    0.03777
 120.00000  140.00000    0.04431
 120.00000  148.00000    0.05012
 120.00000  150.00000    0.05557
 120.00000  152.00000    0.06138
 120.00000  154.00000    0.05883
 120.00000  156.00000    0.05920
 120.00000  158.00000    0.06101
 120.00000  160.00000    0.06065
 120.00000  162.00000    0.06356
 120.00000  164.00000    0.06392
 120.00000  166.00000    0.06610
 120.00000  168.00000    0.06791
 120.00000  170.00000    0.06960
 120.00000  172.00000    0.07039
 120.00000  174.00000    0.06683
 120.00000  176.00000    0.06841
 120.00000  178.00000    0.06920
 120.00000  180.00000    0.07276
 120.00000  182.00000    0.07197
 120.00000  184.00000    0.07118
 120.00000  186.00000    0.07237
 120.00000  188.00000    0.07355
 130.00000    8.00000    0.07552
 130.00000   10.00000    0.07487
 130.00000   12.00000    0.07292
 130.00000   14.00000    0.07162
 130.00000   16.00000    0.07031
 130.00000   24.00000    0.08008
 130.00000   26.00000    0.08040
 130.00000   28.00000    0.07780
 130.00000   30.00000    0.07813
 130.00000   32.00000    0.07943
 130.00000   34.00000    0.07813
 130.00000   36.00000    0.08008
 130.00000   40.00000    0.08333
 130.00000   42.00000    0.07910
 130.00000   44.00000    0.07747
 130.00000   46.00000    0.07878
 130.00000   48.00000    0.07813
 130.00000   50.00000    0.07813
 130.00000   80.00000    0.05649
 130.00000   82.00000    0.05757
 130.00000   84.00000    0.06214
 130.00000   86.00000    0.05461
 130.00000   88.00000    0.05353
 130.00000   90.00000    0.04923
 130.00000   92.00000    0.05111
 130.00000   94.00000    0.05084
 130.00000   96.00000    0.04977
 130.00000   98.00000    0.04762
 130.00000  100.00000    0.04573
 130.00000  102.00000    0.04815
 130.00000  104.00000    0.04735
 130.00000  106.00000    0.04815
 130.00000  110.00000    0.04412
 130.00000  112.00000    0.04035
 130.00000  114.00000    0.03739
 130.00000  116.00000    0.03470
 130.00000  120.00000    0.02798
 130.00000  122.00000    0.02287
 130.00000  124.00000    0.01695
 130.00000  126.00000    0.01103
 130.00000  134.00000    0.01237
 130.00000  138.00000    0.02206
 130.00000  140.00000    0.02206
 130.00000  142.00000    0.02609
 130.00000  144.00000    0.02825
 130.00000  146.00000    0.03174
 130.00000  150.00000    0.03928
 130.00000  154.00000    0.04519
 130.00000  156.00000    0.04896
 130.00000  158.00000    0.05192
 130.00000  160.00000    0.05380
 130.00000  162.00000    0.05784
 130.00000  164.00000    0.06080
 130.00000  166.00000    0.06672
 130.00000  168.00000    0.07021
 130.00000  170.00000    0.07317
 130.00000  172.00000    0.07506
 130.00000  174.00000    0.07721
 130.00000  176.00000    0.07855
 130.00000  178.00000    0.08044
 130.00000  180.00000    0.08071
 130.00000  182.00000    0.08178
 130.00000  184.00000    0.08366
 130.00000  186.00000    0.08582
 130.00000  188.00000    0.09066
 130.00000  190.00000    0.09281
 135.00000   86.00000    0.06268
 135.00000   88.00000    0.06080
 135.00000   90.00000    0.05757
 135.00000   92.00000    0.05918
 135.00000   94.00000    0.05649
 135.00000   96.00000    0.05730
 135.00000  100.00000    0.05219
 135.00000  102.00000    0.05488
 135.00000  104.00000    0.05488
 135.00000  106.00000    0.05407
 135.00000  108.00000    0.05300
 135.00000  110.00000    0.05138
 135.00000  112.00000    0.04735
 135.00000  114.00000    0.04546
 135.00000  116.00000    0.04197
 135.00000  118.00000    0.03443
 135.00000  120.00000    0.03470
 135.00000  122.00000    0.03201
 135.00000  124.00000    0.02825
 135.00000  126.00000    0.02367
 135.00000  132.00000    0.00888
 135.00000  138.00000    0.00942
 135.00000  142.00000    0.01776
 135.00000  144.00000    0.02071
 135.00000  146.00000    0.02475
 135.00000  150.00000    0.03417
 135.00000  152.00000    0.03390
 135.00000  154.00000    0.03874
 135.00000  156.00000    0.04224
 135.00000  158.00000    0.04493
 135.00000  160.00000    0.04815
 135.00000  162.00000    0.05273
 135.00000  164.00000    0.05488
 135.00000  166.00000    0.05784
 135.00000  168.00000    0.06160
 135.00000  170.00000    0.06376
 135.00000  172.00000    0.06752
 135.00000  174.00000    0.06860
 135.00000  176.00000    0.07156
 135.00000  178.00000    0.07290
 135.00000  180.00000    0.07532
 135.00000  182.00000    0.07694
 135.00000  184.00000    0.07936
 135.00000  186.00000    0.08017
 135.00000  188.00000    0.08286
 135.00000  190.00000    0.08393
 140.00000   82.00000    0.06456
 140.00000   86.00000    0.06295
 140.00000   88.00000    0.05999
 140.00000   90.00000    0.05918
 140.00000   92.00000    0.05891
 140.00000   94.00000    0.05784
 140.00000   96.00000    0.05622
 140.00000  102.00000    0.05542
 140.00000  104.00000    0.05434
 140.00000  106.00000    0.05488
 140.00000  112.00000    0.05273
 140.00000  114.00000    0.05273
 140.00000  120.00000    0.04331
 140.00000  122.00000    0.03847
 140.00000  124.00000    0.03551
 140.00000  126.00000    0.03201
 140.00000  128.00000    0.02771
 140.00000  130.00000    0.02394
 140.00000  132.00000    0.02071
 140.00000  134.00000    0.01776
 140.00000  144.00000    0.01184
 140.00000  146.00000    0.01668
 140.00000  148.00000    0.02260
 140.00000  150.00000    0.02529
 140.00000  152.00000    0.02771
 140.00000  154.00000    0.03282
 140.00000  156.00000    0.03605
 140.00000  158.00000    0.03981
 140.00000  160.00000    0.04304
 140.00000  162.00000    0.04735
 140.00000  164.00000    0.05111
 140.00000  166.00000    0.05542
 140.00000  168.00000    0.05918
 140.00000  170.00000    0.06268
 140.00000  172.00000    0.06591
 140.00000  174.00000    0.06779
 140.00000  176.00000    0.06941
 140.00000  178.00000    0.07129
 140.00000  180.00000    0.07075
 140.00000  182.00000    0.07290
 140.00000  184.00000    0.07290
 140.00000  186.00000    0.07586
 140.00000  188.00000    0.07828
 140.00000  190.00000    0.07963
 150.00000   76.00000    0.06699
 150.00000   80.00000    0.06456
 150.00000   86.00000    0.06241
 150.00000   88.00000    0.06053
 150.00000   90.00000    0.05784
 150.00000   92.00000    0.05918
 150.00000   94.00000    0.05945
 150.00000   96.00000    0.05945
 150.00000  100.00000    0.05757
 150.00000  104.00000    0.05865
 150.00000  106.00000    0.05811
 150.00000  108.00000    0.05811
 150.00000  120.00000    0.05676
 150.00000  122.00000    0.05327
 150.00000  124.00000    0.04842
 150.00000  126.00000    0.04519
 150.00000  130.00000    0.03793
 150.00000  132.00000    0.03524
 150.00000  134.00000    0.03390
 150.00000  136.00000    0.03147
 150.00000  138.00000    0.02717
 150.00000  142.00000    0.02314
 150.00000  144.00000    0.01829
 150.00000  146.00000    0.01049
 150.00000  156.00000    0.01829
 150.00000  158.00000    0.02340
 150.00000  160.00000    0.02852
 150.00000  162.00000    0.03282
 150.00000  164.00000    0.03632
 150.00000  166.00000    0.04277
 150.00000  168.00000    0.04681
 150.00000  170.00000    0.04950
 150.00000  172.00000    0.05488
 150.00000  174.00000    0.05649
 150.00000  176.00000    0.05999
 150.00000  178.00000    0.06080
 150.00000  180.00000    0.06322
 150.00000  182.00000    0.06483
 150.00000  184.00000    0.06618
 150.00000  186.00000    0.06806
 150.00000  188.00000    0.07021
 150.00000  190.00000    0.07237
 160.00000   80.00000    0.06618
 160.00000   82.00000    0.06483
 160.00000   86.00000    0.06268
 160.00000   88.00000    0.06107
 160.00000   90.00000    0.05918
 160.00000  100.00000    0.05676
 160.00000  102.00000    0.05703
 160.00000  104.00000    0.05649
 160.00000  106.00000    0.05757
 160.00000  108.00000    0.05703
 160.00000  112.00000    0.05703
 160.00000  120.00000    0.06160
 160.00000  122.00000    0.06564
 160.00000  124.00000    0.06429
 160.00000  126.00000    0.06053
 160.00000  128.00000    0.05596
 160.00000  130.00000    0.05407
 160.00000  132.00000    0.05138
 160.00000  134.00000    0.05004
 160.00000  136.00000    0.04842
 160.00000  138.00000    0.04493
 160.00000  140.00000    0.04170
 160.00000  142.00000    0.04008
 160.00000  144.00000    0.03632
 160.00000  146.00000    0.03497
 160.00000  148.00000    0.03390
 160.00000  150.00000    0.02825
 160.00000  152.00000    0.02287
 160.00000  156.00000    0.01372
 160.00000  158.00000    0.00995
 160.00000  164.00000    0.01506
 160.00000  166.00000    0.01802
 160.00000  168.00000    0.02421
 160.00000  170.00000    0.02905
 160.00000  172.00000    0.03309
 160.00000  174.00000    0.03605
 160.00000  176.00000    0.03901
 160.00000  178.00000    0.04250
 160.00000  180.00000    0.04681
 160.00000  182.00000    0.04869
 160.00000  184.00000    0.05031
 160.00000  186.00000    0.05246
 160.00000  188.00000    0.05488
 160.00000  190.00000    0.05757
 165.00000   80.00000    0.07048
 165.00000   82.00000    0.07210
 165.00000   84.00000    0.07129
 165.00000   86.00000    0.06833
 165.00000   88.00000    0.06645
 165.00000   90.00000    0.06456
 165.00000   92.00000    0.06134
 165.00000  100.00000    0.05972
 165.00000  102.00000    0.05918
 165.00000  104.00000    0.05784
 165.00000  106.00000    0.05945
 165.00000  108.00000    0.05865
 165.00000  112.00000    0.06214
 165.00000  114.00000    0.06295
 165.00000  120.00000    0.06268
 165.00000  122.00000    0.06456
 165.00000  124.00000    0.07102
 165.00000  126.00000    0.06941
 165.00000  130.00000    0.06268
 165.00000  132.00000    0.05918
 165.00000  134.00000    0.05891
 165.00000  136.00000    0.05865
 165.00000  138.00000    0.05461
 165.00000  142.00000    0.05031
 165.00000  144.00000    0.04815
 165.00000  146.00000    0.04600
 165.00000  150.00000    0.04035
 165.00000  152.00000    0.03443
 165.00000  154.00000    0.03147
 165.00000  156.00000    0.02636
 165.00000  158.00000    0.02098
 165.00000  160.00000    0.01480
 165.00000  162.00000    0.00888
 165.00000  166.00000    0.00484
 165.00000  168.00000    0.00968
 165.00000  170.00000    0.01533
 165.00000  172.00000    0.01991
 165.00000  174.00000    0.02233
 165.00000  176.00000    0.02690
 165.00000  178.00000    0.03067
 165.00000  180.00000    0.03390
 165.00000  182.00000    0.03766
 165.00000  184.00000    0.04062
 165.00000  186.00000    0.04331
 165.00000  188.00000    0.04654
 165.00000  190.00000    0.04842
 170.00000   94.00000    0.06464
 170.00000   98.00000    0.06261
 170.00000  100.00000    0.06159
 170.00000  102.00000    0.06498
 170.00000  104.00000    0.06396
 170.00000  106.00000    0.06498
 170.00000  108.00000    0.06328
 170.00000  110.00000    0.06159
 170.00000  112.00000    0.06532
 170.00000  114.00000    0.06803
 170.00000  120.00000    0.06939
 170.00000  130.00000    0.07176
 170.00000  132.00000    0.06972
 170.00000  134.00000    0.06860
 170.00000  136.00000    0.06645
 170.00000  138.00000    0.06322
 170.00000  140.00000    0.06134
 170.00000  142.00000    0.05891
 170.00000  144.00000    0.05784
 170.00000  146.00000    0.05676
 170.00000  148.00000    0.05569
 170.00000  150.00000    0.05111
 170.00000  152.00000    0.04627
 170.00000  154.00000    0.04385
 170.00000  156.00000    0.03874
 170.00000  158.00000    0.03470
 170.00000  160.00000    0.02959
 170.00000  162.00000    0.02475
 170.00000  164.00000    0.01991
 170.00000  166.00000    0.01533
 170.00000  168.00000    0.01211
 170.00000  174.00000    0.01291
 170.00000  176.00000    0.01749
 170.00000  178.00000    0.02152
 170.00000  180.00000    0.02556
 170.00000  182.00000    0.02825
 170.00000  184.00000    0.03094
 170.00000  186.00000    0.03417
 170.00000  188.00000    0.03739
 170.00000  190.00000    0.03981
 180.00000   78.00000    0.07747
 180.00000   80.00000    0.07565
 180.00000   82.00000    0.07420
 180.00000   84.00000    0.07238
 180.00000   86.00000    0.07383
 180.00000   88.00000    0.07093
 180.00000   90.00000    0.06657
 180.00000   92.00000    0.06839
 180.00000   94.00000    0.06839
 180.00000   96.00000    0.06621
 180.00000  102.00000    0.06512
 180.00000  104.00000    0.06512
 180.00000  106.00000    0.06802
 180.00000  108.00000    0.06548
 180.00000  112.00000    0.06730
 180.00000  114.00000    0.06875
 180.00000  120.00000    0.07227
 180.00000  122.00000    0.07263
 180.00000  124.00000    0.07518
 180.00000  126.00000    0.07518
 180.00000  130.00000    0.07953
 180.00000  132.00000    0.07663
 180.00000  134.00000    0.07559
 180.00000  136.00000    0.07479
 180.00000  138.00000    0.07263
 180.00000  142.00000    0.07075
 180.00000  144.00000    0.06806
 180.00000  146.00000    0.06672
 180.00000  148.00000    0.06806
 180.00000  150.00000    0.06322
 180.00000  152.00000    0.05730
 180.00000  154.00000    0.05569
 180.00000  156.00000    0.05353
 180.00000  158.00000    0.05004
 180.00000  160.00000    0.04708
 180.00000  162.00000    0.04089
 180.00000  164.00000    0.03739
 180.00000  166.00000    0.03201
 180.00000  168.00000    0.02959
 180.00000  170.00000    0.02663
 180.00000  172.00000    0.02260
 180.00000  174.00000    0.01856
 180.00000  176.00000    0.01345
 180.00000  178.00000    0.00968
 180.00000  182.00000    0.00753
 180.00000  184.00000    0.01103
 180.00000  186.00000    0.01587
 180.00000  188.00000    0.02098
 180.00000  190.00000    0.02448
 190.00000  130.00000    0.09172
 190.00000  132.00000    0.08438
 190.00000  134.00000    0.08638
 190.00000  136.00000    0.08471
 190.00000  138.00000    0.08037
 190.00000  144.00000    0.07237
 190.00000  146.00000    0.07370
 190.00000  148.00000    0.07425
 190.00000  150.00000    0.07102
 190.00000  152.00000    0.06591
 190.00000  154.00000    0.06429
 190.00000  156.00000    0.06187
 190.00000  158.00000    0.05945
 190.00000  160.00000    0.05676
 190.00000  162.00000    0.05111
 190.00000  164.00000    0.04788
 190.00000  166.00000    0.04466
 190.00000  168.00000    0.04304
 190.00000  170.00000    0.03955
 190.00000  172.00000    0.03605
 190.00000  174.00000    0.03282
 190.00000  176.00000    0.03040
 190.00000  178.00000    0.02771
 190.00000  180.00000    0.02421
 190.00000  182.00000    0.01964
 190.00000  184.00000    0.01480
 190.00000  186.00000    0.00995
 190.00000  188.00000    0.00511
 195.00000  130.00000    0.09159
 195.00000  132.00000    0.08791
 195.00000  134.00000    0.08505
 195.00000  136.00000    0.08383
 195.00000  138.00000    0.08096
 195.00000  144.00000    0.07775
 195.00000  146.00000    0.07613
 195.00000  148.00000    0.07667
 195.00000  150.00000    0.07237
 195.00000  152.00000    0.06752
 195.00000  154.00000    0.06725
 195.00000  156.00000    0.06456
 195.00000  158.00000    0.06160
 195.00000  160.00000    0.05784
 195.00000  162.00000    0.05327
 195.00000  164.00000    0.05058
 195.00000  166.00000    0.04762
 195.00000  168.00000    0.04519
 195.00000  170.00000    0.04197
 195.00000  172.00000    0.03928
 195.00000  174.00000    0.03659
 195.00000  176.00000    0.03632
 195.00000  178.00000    0.03497
 195.00000  180.00000    0.03174
 195.00000  182.00000    0.02717
 195.00000  184.00000    0.02314
 195.00000  186.00000    0.01829
 195.00000  188.00000    0.01426
 195.00000  190.00000    0.01076
