    0.0000     2.5000     0.0065
    0.0000     2.5000     0.0065
    0.0000     5.0000     0.0128
    0.0000     7.5000     0.0161
    0.0000    10.0000     0.0187
    0.0000    12.5000     0.0227
    0.0000    15.0000     0.0244
    0.0000    17.5000     0.0264
    0.0000    20.0000     0.0273
    0.0000    22.5000     0.0274
    0.0000    25.0000     0.0277
    0.0000    27.5000     0.0286
    0.0000    30.0000     0.0299
    0.0000    32.5000     0.0326
    0.0000    35.0000     0.0356
    0.0000    37.5000     0.0379
    0.0000    40.0000     0.0425
    0.0000    42.5000     0.0445
    0.0000    45.0000     0.0465
    0.0000    47.5000     0.0492
    0.0000    50.0000     0.0505
    0.0000    52.5000     0.0482
    0.0000    55.0000     0.0473
    0.0000    57.5000     0.0467
    0.0000    60.0000     0.0481
    0.0000    62.5000     0.0473
    0.0000    65.0000     0.0475
    0.0000    67.5000     0.0473
    0.0000    70.0000     0.0455
    0.0000    72.5000     0.0462
    0.0000    75.0000     0.0469
    0.0000    77.5000     0.0467
    0.0000    80.0000     0.0481
    0.0000    82.5000     0.0496
    0.0000    85.0000     0.0486
    0.0000    87.5000     0.0485
    0.0000    90.0000     0.0492
    0.0000    92.5000     0.0489
    0.0000    95.0000     0.0502
    0.0000   100.0000     0.0521
    0.0000   102.5000     0.0521
    0.0000   105.0000     0.0525
    0.0000   107.5000     0.0537
    0.0000   110.0000     0.0535
    0.0000   115.0000     0.0581
    0.0000   117.5000     0.0603
    0.0000   120.0000     0.0626
    0.0000   122.5000     0.0632
    0.0000   125.0000     0.0653
    0.0000   127.5000     0.0665
    0.0000   130.0000     0.0716
    0.0000   132.5000     0.0679
    0.0000   135.0000     0.0681
    0.0000   137.5000     0.0682
    0.0000   140.0000     0.0681
    0.0000   142.5000     0.0675
    0.0000   145.0000     0.0674
    0.0000   147.5000     0.0655
    0.0000   150.0000     0.0642
    0.0000   155.0000     0.0658
    0.0000   157.5000     0.0661
    0.0000   160.0000     0.0672
    0.0000   162.5000     0.0699
    0.0000   165.0000     0.0700
    0.0000   167.5000     0.0704
    0.0000   170.0000     0.0704
    0.0000   172.5000     0.0722
    0.0000   175.0000     0.0724
    0.0000   177.5000     0.0730
    0.0000   180.0000     0.0733
    0.0000   182.5000     0.0756
    0.0000   185.0000     0.0776
    0.0000   187.5000     0.0793
    0.0000   190.0000     0.0800
    0.0000   192.5000     0.0803
    0.0000   200.0000     0.0823
    0.0000   207.5000     0.0826
    0.0000   215.0000     0.0844
    0.0000   217.5000     0.0859
    0.0000   220.0000     0.0879
    0.0000   222.5000     0.0869
    0.0000   225.0000     0.0855
    0.0000   227.5000     0.0849
    0.0000   232.5000     0.0852
    0.0000   235.0000     0.0860
   10.0000     0.0000     0.0187
   10.0000     2.5000     0.0166
   10.0000     5.0000     0.0123
   10.0000    12.5000     0.0084
   10.0000    15.0000     0.0126
   10.0000    17.5000     0.0155
   10.0000    20.0000     0.0182
   10.0000    22.5000     0.0200
   10.0000    25.0000     0.0223
   10.0000    27.5000     0.0237
   10.0000    30.0000     0.0250
   10.0000    32.5000     0.0277
   10.0000    37.5000     0.0330
   10.0000    40.0000     0.0379
   10.0000    42.5000     0.0401
   10.0000    45.0000     0.0421
   10.0000    47.5000     0.0448
   10.0000    50.0000     0.0477
   10.0000    52.5000     0.0460
   10.0000    55.0000     0.0451
   10.0000    57.5000     0.0444
   10.0000    60.0000     0.0459
   10.0000    62.5000     0.0451
   10.0000    65.0000     0.0453
   10.0000    67.5000     0.0451
   10.0000    70.0000     0.0433
   10.0000    72.5000     0.0440
   10.0000    75.0000     0.0447
   10.0000    77.5000     0.0445
   10.0000    80.0000     0.0459
   10.0000    82.5000     0.0474
   10.0000    85.0000     0.0465
   10.0000    87.5000     0.0463
   10.0000    90.0000     0.0470
   10.0000    92.5000     0.0467
   10.0000    95.0000     0.0480
   10.0000   100.0000     0.0499
   10.0000   110.0000     0.0513
   10.0000   120.0000     0.0604
   10.0000   122.5000     0.0610
   10.0000   125.0000     0.0631
   10.0000   127.5000     0.0643
   10.0000   130.0000     0.0694
   10.0000   132.5000     0.0657
   10.0000   135.0000     0.0659
   10.0000   137.5000     0.0660
   10.0000   140.0000     0.0660
   10.0000   142.5000     0.0654
   10.0000   145.0000     0.0653
   20.0000     0.0000     0.0273
   20.0000     2.5000     0.0274
   20.0000     5.0000     0.0258
   20.0000    10.0000     0.0182
   20.0000    12.5000     0.0174
   20.0000    15.0000     0.0130
   20.0000    17.5000     0.0073
   20.0000    22.5000     0.0063
   20.0000    25.0000     0.0108
   20.0000    27.5000     0.0141
   20.0000    30.0000     0.0164
   20.0000    32.5000     0.0198
   20.0000    35.0000     0.0228
   20.0000    37.5000     0.0250
   20.0000    40.0000     0.0305
   20.0000    42.5000     0.0348
   20.0000    45.0000     0.0372
   20.0000    47.5000     0.0400
   20.0000    50.0000     0.0428
   20.0000    52.5000     0.0436
   20.0000    55.0000     0.0442
   20.0000    57.5000     0.0436
   20.0000    60.0000     0.0450
   20.0000    62.5000     0.0442
   20.0000    65.0000     0.0444
   20.0000    67.5000     0.0442
   20.0000    70.0000     0.0425
   20.0000    72.5000     0.0432
   20.0000    75.0000     0.0441
   20.0000    77.5000     0.0443
   20.0000    80.0000     0.0456
   20.0000    82.5000     0.0471
   20.0000    85.0000     0.0462
   20.0000    87.5000     0.0461
   20.0000    90.0000     0.0468
   20.0000    92.5000     0.0465
   20.0000    95.0000     0.0479
   20.0000   100.0000     0.0498
   20.0000   102.5000     0.0498
   20.0000   105.0000     0.0502
   20.0000   107.5000     0.0513
   20.0000   110.0000     0.0512
   30.0000     0.0000     0.0299
   30.0000     2.5000     0.0305
   30.0000     5.0000     0.0302
   30.0000     7.5000     0.0283
   30.0000    10.0000     0.0250
   30.0000    20.0000     0.0164
   30.0000    22.5000     0.0123
   30.0000    25.0000     0.0096
   30.0000    27.5000     0.0067
   30.0000    35.0000     0.0129
   30.0000    37.5000     0.0158
   30.0000    40.0000     0.0212
   30.0000    42.5000     0.0255
   30.0000    45.0000     0.0300
   30.0000    47.5000     0.0333
   30.0000    50.0000     0.0368
   30.0000    52.5000     0.0388
   30.0000    55.0000     0.0403
   40.0000     0.0000     0.0425
   40.0000     2.5000     0.0430
   40.0000     5.0000     0.0429
   40.0000     7.5000     0.0412
   40.0000    10.0000     0.0379
   40.0000    12.5000     0.0391
   40.0000    15.0000     0.0358
   40.0000    17.5000     0.0333
   40.0000    20.0000     0.0305
   40.0000    22.5000     0.0265
   40.0000    25.0000     0.0242
   40.0000    27.5000     0.0223
   40.0000    30.0000     0.0212
   40.0000    32.5000     0.0173
   40.0000    35.0000     0.0134
   40.0000    37.5000     0.0072
   40.0000    42.5000     0.0099
   40.0000    45.0000     0.0172
   40.0000    47.5000     0.0225
   40.0000    50.0000     0.0269
   40.0000    52.5000     0.0290
   40.0000    55.0000     0.0336
   40.0000    57.5000     0.0379
   40.0000    60.0000     0.0422
   40.0000    65.0000     0.0431
   40.0000    67.5000     0.0433
   40.0000    70.0000     0.0421
   40.0000    72.5000     0.0433
   40.0000    75.0000     0.0443
   40.0000    77.5000     0.0446
   40.0000    80.0000     0.0464
   40.0000    82.5000     0.0483
   40.0000    85.0000     0.0476
   40.0000    87.5000     0.0479
   40.0000    90.0000     0.0488
   40.0000    92.5000     0.0492
   40.0000    95.0000     0.0506
   40.0000    97.5000     0.0531
   40.0000   100.0000     0.0526
   40.0000   102.5000     0.0526
   40.0000   105.0000     0.0529
   40.0000   107.5000     0.0541
   50.0000     0.0000     0.0505
   50.0000     2.5000     0.0511
   50.0000     5.0000     0.0513
   50.0000     7.5000     0.0507
   50.0000    10.0000     0.0477
   50.0000    12.5000     0.0488
   50.0000    15.0000     0.0465
   50.0000    17.5000     0.0449
   50.0000    20.0000     0.0428
   50.0000    22.5000     0.0394
   50.0000    25.0000     0.0379
   50.0000    27.5000     0.0374
   50.0000    30.0000     0.0368
   50.0000    32.5000     0.0347
   50.0000    35.0000     0.0326
   50.0000    37.5000     0.0299
   50.0000    40.0000     0.0269
   50.0000    42.5000     0.0224
   50.0000    45.0000     0.0160
   50.0000    47.5000     0.0089
   50.0000    52.5000     0.0080
   50.0000    55.0000     0.0132
   50.0000    57.5000     0.0187
   50.0000    60.0000     0.0249
   50.0000    62.5000     0.0281
   50.0000    65.0000     0.0320
   50.0000    67.5000     0.0341
   50.0000    70.0000     0.0332
   50.0000    72.5000     0.0345
   50.0000    75.0000     0.0363
   50.0000    77.5000     0.0370
   50.0000    80.0000     0.0388
   50.0000    82.5000     0.0415
   50.0000    85.0000     0.0407
   50.0000    87.5000     0.0411
   50.0000    90.0000     0.0420
   50.0000    92.5000     0.0423
   50.0000    95.0000     0.0438
   50.0000   100.0000     0.0474
   50.0000   102.5000     0.0474
   50.0000   105.0000     0.0478
   50.0000   107.5000     0.0491
   50.0000   110.0000     0.0491
   50.0000   112.5000     0.0513
   50.0000   115.0000     0.0536
   50.0000   117.5000     0.0559
   60.0000    10.0000     0.0459
   60.0000    12.5000     0.0483
   60.0000    15.0000     0.0473
   60.0000    17.5000     0.0468
   60.0000    20.0000     0.0450
   60.0000    22.5000     0.0438
   60.0000    25.0000     0.0428
   60.0000    27.5000     0.0428
   60.0000    30.0000     0.0439
   60.0000    32.5000     0.0435
   60.0000    35.0000     0.0440
   60.0000    37.5000     0.0428
   60.0000    40.0000     0.0422
   60.0000    42.5000     0.0383
   60.0000    45.0000     0.0348
   60.0000    47.5000     0.0310
   60.0000    50.0000     0.0249
   60.0000    52.5000     0.0196
   60.0000    55.0000     0.0157
   60.0000    57.5000     0.0113
   60.0000    62.5000     0.0125
   60.0000    65.0000     0.0193
   60.0000    67.5000     0.0225
   60.0000    70.0000     0.0225
   60.0000    72.5000     0.0248
   60.0000    75.0000     0.0269
   60.0000    77.5000     0.0282
   60.0000    80.0000     0.0300
   60.0000    82.5000     0.0339
   60.0000    85.0000     0.0344
   60.0000    87.5000     0.0352
   60.0000    90.0000     0.0361
   60.0000    92.5000     0.0364
   60.0000    95.0000     0.0379
   60.0000   100.0000     0.0415
   60.0000   102.5000     0.0415
   60.0000   105.0000     0.0419
   60.0000   107.5000     0.0432
   60.0000   110.0000     0.0432
   60.0000   115.0000     0.0477
   60.0000   117.5000     0.0499
   60.0000   120.0000     0.0523
   60.0000   122.5000     0.0529
   60.0000   125.0000     0.0550
   60.0000   127.5000     0.0568
   60.0000   130.0000     0.0623
   60.0000   132.5000     0.0589
   70.0000     0.0000     0.0455
   70.0000     2.5000     0.0461
   70.0000     5.0000     0.0463
   70.0000    10.0000     0.0433
   70.0000    12.5000     0.0458
   70.0000    15.0000     0.0448
   70.0000    17.5000     0.0443
   70.0000    20.0000     0.0425
   70.0000    22.5000     0.0413
   70.0000    25.0000     0.0404
   70.0000    27.5000     0.0403
   70.0000    32.5000     0.0411
   70.0000    35.0000     0.0418
   70.0000    37.5000     0.0415
   70.0000    40.0000     0.0421
   70.0000    42.5000     0.0400
   70.0000    45.0000     0.0382
   70.0000    47.5000     0.0369
   70.0000    50.0000     0.0332
   70.0000    52.5000     0.0289
   70.0000    55.0000     0.0259
   70.0000    57.5000     0.0231
   70.0000    60.0000     0.0225
   70.0000    62.5000     0.0201
   70.0000    65.0000     0.0160
   70.0000    67.5000     0.0109
   70.0000    72.5000     0.0091
   70.0000    75.0000     0.0148
   70.0000    77.5000     0.0176
   70.0000    80.0000     0.0200
   70.0000    82.5000     0.0243
   70.0000    85.0000     0.0249
   70.0000    87.5000     0.0266
   70.0000    90.0000     0.0279
   70.0000    92.5000     0.0283
   70.0000    95.0000     0.0298
   70.0000    97.5000     0.0333
   70.0000   100.0000     0.0342
   70.0000   102.5000     0.0346
   70.0000   105.0000     0.0350
   70.0000   107.5000     0.0363
   70.0000   110.0000     0.0367
   70.0000   112.5000     0.0389
   70.0000   115.0000     0.0412
   70.0000   117.5000     0.0435
   70.0000   120.0000     0.0458
   70.0000   122.5000     0.0464
   70.0000   125.0000     0.0485
   70.0000   127.5000     0.0503
   70.0000   130.0000     0.0558
   70.0000   132.5000     0.0525
   70.0000   135.0000     0.0530
   80.0000     0.0000     0.0481
   80.0000     2.5000     0.0487
   80.0000     5.0000     0.0489
   80.0000    10.0000     0.0459
   80.0000    12.5000     0.0483
   80.0000    15.0000     0.0474
   80.0000    17.5000     0.0473
   80.0000    20.0000     0.0456
   80.0000    22.5000     0.0445
   80.0000    25.0000     0.0437
   80.0000    27.5000     0.0437
   80.0000    30.0000     0.0449
   80.0000    32.5000     0.0448
   80.0000    35.0000     0.0455
   80.0000    37.5000     0.0456
   80.0000    40.0000     0.0464
   80.0000    42.5000     0.0447
   80.0000    45.0000     0.0431
   80.0000    47.5000     0.0426
   80.0000    50.0000     0.0388
   80.0000    52.5000     0.0354
   80.0000    55.0000     0.0329
   80.0000    57.5000     0.0304
   80.0000    60.0000     0.0300
   80.0000    62.5000     0.0278
   80.0000    65.0000     0.0263
   80.0000    67.5000     0.0234
   80.0000    70.0000     0.0200
   80.0000    72.5000     0.0181
   80.0000    75.0000     0.0139
   80.0000    85.0000     0.0169
   80.0000    87.5000     0.0224
   80.0000    90.0000     0.0245
   80.0000    92.5000     0.0260
   80.0000    95.0000     0.0279
   80.0000   100.0000     0.0324
   80.0000   102.5000     0.0328
   80.0000   105.0000     0.0332
   80.0000   107.5000     0.0345
   80.0000   110.0000     0.0350
   80.0000   112.5000     0.0372
   80.0000   115.0000     0.0396
   80.0000   117.5000     0.0419
   80.0000   120.0000     0.0442
   80.0000   122.5000     0.0449
   80.0000   125.0000     0.0469
   80.0000   127.5000     0.0487
   80.0000   130.0000     0.0542
   80.0000   132.5000     0.0509
   80.0000   135.0000     0.0514
   80.0000   137.5000     0.0515
   80.0000   140.0000     0.0517
   80.0000   142.5000     0.0517
   80.0000   145.0000     0.0516
   80.0000   150.0000     0.0483
   80.0000   152.5000     0.0504
   80.0000   155.0000     0.0500
   80.0000   157.5000     0.0502
   80.0000   160.0000     0.0514
   80.0000   162.5000     0.0541
   80.0000   165.0000     0.0542
   80.0000   167.5000     0.0545
   80.0000   170.0000     0.0545
   80.0000   172.5000     0.0564
   80.0000   175.0000     0.0565
   80.0000   177.5000     0.0572
   80.0000   180.0000     0.0574
   80.0000   182.5000     0.0598
   80.0000   185.0000     0.0618
   80.0000   187.5000     0.0635
   90.0000     0.0000     0.0492
   90.0000     2.5000     0.0498
   90.0000     5.0000     0.0500
   90.0000    10.0000     0.0470
   90.0000    12.5000     0.0494
   90.0000    15.0000     0.0486
   90.0000    17.5000     0.0485
   90.0000    20.0000     0.0468
   90.0000    22.5000     0.0457
   90.0000    25.0000     0.0450
   90.0000    27.5000     0.0449
   90.0000    30.0000     0.0461
   90.0000    32.5000     0.0460
   90.0000    35.0000     0.0467
   90.0000    37.5000     0.0471
   90.0000    40.0000     0.0488
   90.0000    42.5000     0.0474
   90.0000    45.0000     0.0458
   90.0000    47.5000     0.0455
   90.0000    50.0000     0.0420
   90.0000    52.5000     0.0391
   90.0000    55.0000     0.0376
   90.0000    57.5000     0.0361
   90.0000    60.0000     0.0361
   90.0000    62.5000     0.0350
   90.0000    65.0000     0.0336
   90.0000    67.5000     0.0313
   90.0000    70.0000     0.0279
   90.0000    72.5000     0.0275
   90.0000    75.0000     0.0265
   90.0000    77.5000     0.0245
   90.0000    80.0000     0.0245
   90.0000    82.5000     0.0227
   90.0000    92.5000     0.0121
   90.0000    95.0000     0.0159
   90.0000    97.5000     0.0221
   90.0000   100.0000     0.0245
   90.0000   102.5000     0.0252
   90.0000   105.0000     0.0256
   90.0000   107.5000     0.0269
   90.0000   110.0000     0.0275
   90.0000   112.5000     0.0297
   90.0000   115.0000     0.0322
   90.0000   117.5000     0.0346
   90.0000   120.0000     0.0371
   90.0000   122.5000     0.0382
   90.0000   125.0000     0.0407
   90.0000   127.5000     0.0430
   90.0000   132.5000     0.0456
   90.0000   135.0000     0.0461
   90.0000   137.5000     0.0462
   90.0000   140.0000     0.0464
   90.0000   142.5000     0.0464
   90.0000   145.0000     0.0463
   90.0000   147.5000     0.0444
   90.0000   150.0000     0.0431
   90.0000   152.5000     0.0452
   90.0000   155.0000     0.0447
   90.0000   157.5000     0.0450
   90.0000   160.0000     0.0461
   90.0000   162.5000     0.0488
   90.0000   165.0000     0.0489
   90.0000   167.5000     0.0493
   90.0000   170.0000     0.0493
   90.0000   172.5000     0.0511
   90.0000   175.0000     0.0513
   90.0000   177.5000     0.0519
   90.0000   180.0000     0.0522
  100.0000    45.0000     0.0505
  100.0000    47.5000     0.0505
  100.0000    50.0000     0.0474
  100.0000    52.5000     0.0445
  100.0000    55.0000     0.0430
  100.0000    57.5000     0.0415
  100.0000    60.0000     0.0415
  100.0000    62.5000     0.0406
  100.0000    65.0000     0.0398
  100.0000    67.5000     0.0376
  100.0000    70.0000     0.0342
  100.0000    72.5000     0.0338
  100.0000    75.0000     0.0334
  100.0000    77.5000     0.0320
  100.0000    80.0000     0.0324
  100.0000    82.5000     0.0321
  100.0000    85.0000     0.0282
  100.0000    87.5000     0.0254
  100.0000    90.0000     0.0245
  100.0000    92.5000     0.0202
  100.0000    95.0000     0.0161
  100.0000   102.5000     0.0109
  100.0000   105.0000     0.0152
  100.0000   107.5000     0.0179
  100.0000   110.0000     0.0198
  100.0000   112.5000     0.0225
  100.0000   115.0000     0.0251
  100.0000   117.5000     0.0278
  100.0000   120.0000     0.0304
  100.0000   122.5000     0.0315
  100.0000   125.0000     0.0341
  100.0000   127.5000     0.0364
  100.0000   130.0000     0.0421
  100.0000   132.5000     0.0400
  100.0000   135.0000     0.0410
  100.0000   137.5000     0.0421
  100.0000   140.0000     0.0424
  100.0000   142.5000     0.0427
  100.0000   145.0000     0.0429
  100.0000   147.5000     0.0410
  100.0000   150.0000     0.0397
  100.0000   152.5000     0.0418
  100.0000   155.0000     0.0413
  100.0000   157.5000     0.0417
  100.0000   160.0000     0.0429
  100.0000   162.5000     0.0459
  100.0000   165.0000     0.0461
  100.0000   167.5000     0.0464
  100.0000   170.0000     0.0465
  100.0000   172.5000     0.0483
  100.0000   175.0000     0.0485
  100.0000   177.5000     0.0491
  100.0000   180.0000     0.0493
  100.0000   182.5000     0.0517
  100.0000   185.0000     0.0537
  100.0000   187.5000     0.0554
  100.0000   190.0000     0.0566
  100.0000   192.5000     0.0575
  110.0000    10.0000     0.0513
  110.0000    12.5000     0.0538
  110.0000    15.0000     0.0529
  110.0000    17.5000     0.0528
  110.0000    20.0000     0.0512
  110.0000    22.5000     0.0501
  110.0000    25.0000     0.0493
  110.0000    27.5000     0.0493
  110.0000    30.0000     0.0505
  110.0000    32.5000     0.0504
  110.0000    35.0000     0.0511
  110.0000    37.5000     0.0515
  110.0000    40.0000     0.0539
  110.0000    42.5000     0.0531
  110.0000    45.0000     0.0519
  110.0000    50.0000     0.0491
  110.0000    52.5000     0.0462
  110.0000    55.0000     0.0447
  110.0000    57.5000     0.0432
  110.0000    60.0000     0.0432
  110.0000    62.5000     0.0423
  110.0000    65.0000     0.0416
  110.0000    67.5000     0.0398
  110.0000    70.0000     0.0367
  110.0000    72.5000     0.0364
  110.0000    75.0000     0.0359
  110.0000    77.5000     0.0346
  110.0000    80.0000     0.0350
  110.0000    82.5000     0.0346
  110.0000    85.0000     0.0310
  110.0000    87.5000     0.0281
  110.0000    90.0000     0.0275
  110.0000    92.5000     0.0249
  110.0000    95.0000     0.0244
  110.0000    97.5000     0.0226
  110.0000   100.0000     0.0198
  110.0000   102.5000     0.0166
  110.0000   105.0000     0.0107
  110.0000   112.5000     0.0066
  110.0000   115.0000     0.0121
  110.0000   117.5000     0.0153
  110.0000   120.0000     0.0188
  110.0000   122.5000     0.0206
  110.0000   125.0000     0.0234
  110.0000   127.5000     0.0260
  110.0000   130.0000     0.0317
  110.0000   132.5000     0.0296
  110.0000   135.0000     0.0306
  110.0000   137.5000     0.0325
  110.0000   140.0000     0.0336
  110.0000   142.5000     0.0354
  110.0000   145.0000     0.0369
  110.0000   147.5000     0.0355
  110.0000   150.0000     0.0342
  110.0000   152.5000     0.0363
  110.0000   155.0000     0.0359
  110.0000   157.5000     0.0363
  110.0000   160.0000     0.0374
  110.0000   162.5000     0.0404
  110.0000   165.0000     0.0407
  110.0000   167.5000     0.0412
  110.0000   170.0000     0.0412
  110.0000   172.5000     0.0431
  110.0000   175.0000     0.0432
  110.0000   177.5000     0.0439
  110.0000   180.0000     0.0441
  110.0000   182.5000     0.0465
  110.0000   185.0000     0.0485
  110.0000   187.5000     0.0502
  110.0000   190.0000     0.0514
  110.0000   192.5000     0.0522
  110.0000   195.0000     0.0520
  110.0000   197.5000     0.0527
  110.0000   200.0000     0.0543
  110.0000   202.5000     0.0540
  110.0000   207.5000     0.0546
  110.0000   210.0000     0.0557
  110.0000   212.5000     0.0558
  110.0000   215.0000     0.0565
  110.0000   217.5000     0.0580
  110.0000   220.0000     0.0606
  120.0000    52.5000     0.0553
  120.0000    55.0000     0.0538
  120.0000    57.5000     0.0523
  120.0000    60.0000     0.0523
  120.0000    62.5000     0.0514
  120.0000    65.0000     0.0507
  120.0000    67.5000     0.0490
  120.0000    70.0000     0.0458
  120.0000    72.5000     0.0455
  120.0000    75.0000     0.0451
  120.0000    77.5000     0.0437
  120.0000    80.0000     0.0442
  120.0000    82.5000     0.0443
  120.0000    85.0000     0.0407
  120.0000    87.5000     0.0378
  120.0000    90.0000     0.0371
  120.0000    92.5000     0.0346
  120.0000    95.0000     0.0341
  120.0000    97.5000     0.0330
  120.0000   100.0000     0.0304
  120.0000   102.5000     0.0282
  120.0000   105.0000     0.0247
  120.0000   107.5000     0.0221
  120.0000   110.0000     0.0188
  120.0000   112.5000     0.0194
  120.0000   115.0000     0.0166
  120.0000   125.0000     0.0166
  120.0000   127.5000     0.0223
  120.0000   130.0000     0.0290
  120.0000   132.5000     0.0283
  120.0000   135.0000     0.0298
  120.0000   137.5000     0.0323
  120.0000   140.0000     0.0343
  120.0000   142.5000     0.0364
  120.0000   145.0000     0.0380
  120.0000   147.5000     0.0372
  120.0000   150.0000     0.0366
  120.0000   152.5000     0.0401
  120.0000   155.0000     0.0404
  120.0000   157.5000     0.0408
  120.0000   160.0000     0.0420
  120.0000   162.5000     0.0452
  120.0000   165.0000     0.0455
  120.0000   167.5000     0.0462
  120.0000   170.0000     0.0468
  120.0000   172.5000     0.0486
  120.0000   175.0000     0.0489
  120.0000   177.5000     0.0496
  120.0000   180.0000     0.0498
  120.0000   182.5000     0.0522
  120.0000   185.0000     0.0542
  120.0000   187.5000     0.0558
  120.0000   190.0000     0.0571
  120.0000   195.0000     0.0577
  120.0000   197.5000     0.0584
  120.0000   200.0000     0.0600
  130.0000    42.5000     0.0719
  130.0000    45.0000     0.0707
  130.0000    47.5000     0.0707
  130.0000    50.0000     0.0681
  130.0000    52.5000     0.0652
  130.0000    55.0000     0.0638
  130.0000    57.5000     0.0623
  130.0000    60.0000     0.0623
  130.0000    62.5000     0.0614
  130.0000    65.0000     0.0607
  130.0000    67.5000     0.0590
  130.0000    70.0000     0.0558
  130.0000    72.5000     0.0555
  130.0000    75.0000     0.0551
  130.0000    77.5000     0.0537
  130.0000    80.0000     0.0542
  130.0000    82.5000     0.0546
  130.0000    85.0000     0.0515
  130.0000    87.5000     0.0492
  130.0000    90.0000     0.0487
  130.0000    92.5000     0.0462
  130.0000    95.0000     0.0457
  130.0000    97.5000     0.0447
  130.0000   100.0000     0.0421
  130.0000   102.5000     0.0400
  130.0000   105.0000     0.0369
  130.0000   107.5000     0.0349
  130.0000   110.0000     0.0317
  130.0000   112.5000     0.0330
  130.0000   115.0000     0.0317
  130.0000   117.5000     0.0309
  130.0000   120.0000     0.0290
  130.0000   122.5000     0.0269
  130.0000   125.0000     0.0227
  130.0000   132.5000     0.0137
  130.0000   135.0000     0.0202
  130.0000   137.5000     0.0252
  130.0000   140.0000     0.0284
  130.0000   142.5000     0.0322
  130.0000   145.0000     0.0345
  130.0000   147.5000     0.0353
  130.0000   150.0000     0.0350
  130.0000   152.5000     0.0392
  130.0000   155.0000     0.0398
  130.0000   157.5000     0.0410
  130.0000   160.0000     0.0424
  130.0000   162.5000     0.0459
  130.0000   165.0000     0.0464
  130.0000   167.5000     0.0475
  130.0000   170.0000     0.0482
  130.0000   172.5000     0.0503
  130.0000   175.0000     0.0510
  130.0000   177.5000     0.0516
  130.0000   180.0000     0.0519
  130.0000   182.5000     0.0542
  130.0000   185.0000     0.0562
  130.0000   187.5000     0.0579
  130.0000   190.0000     0.0592
  130.0000   192.5000     0.0600
  130.0000   195.0000     0.0598
  130.0000   197.5000     0.0605
  130.0000   200.0000     0.0621
  130.0000   202.5000     0.0618
  140.0000    47.5000     0.0674
  140.0000    50.0000     0.0648
  140.0000    52.5000     0.0620
  140.0000    55.0000     0.0606
  140.0000    57.5000     0.0594
  140.0000    60.0000     0.0594
  140.0000    62.5000     0.0586
  140.0000    65.0000     0.0581
  140.0000    67.5000     0.0565
  140.0000    70.0000     0.0533
  140.0000    72.5000     0.0530
  140.0000    75.0000     0.0526
  140.0000    77.5000     0.0512
  140.0000    80.0000     0.0517
  140.0000    82.5000     0.0521
  140.0000    85.0000     0.0490
  140.0000    87.5000     0.0468
  140.0000    90.0000     0.0464
  140.0000    92.5000     0.0441
  140.0000    95.0000     0.0442
  140.0000    97.5000     0.0441
  140.0000   100.0000     0.0424
  140.0000   102.5000     0.0411
  140.0000   105.0000     0.0388
  140.0000   107.5000     0.0368
  140.0000   110.0000     0.0336
  140.0000   112.5000     0.0349
  140.0000   115.0000     0.0343
  140.0000   117.5000     0.0346
  140.0000   120.0000     0.0343
  140.0000   122.5000     0.0331
  140.0000   125.0000     0.0312
  140.0000   127.5000     0.0288
  140.0000   130.0000     0.0284
  140.0000   132.5000     0.0226
  140.0000   135.0000     0.0181
  140.0000   145.0000     0.0181
  140.0000   147.5000     0.0191
  140.0000   150.0000     0.0203
  140.0000   152.5000     0.0245
  140.0000   155.0000     0.0253
  140.0000   157.5000     0.0267
  140.0000   160.0000     0.0281
  140.0000   162.5000     0.0318
  140.0000   165.0000     0.0326
  140.0000   167.5000     0.0341
  140.0000   170.0000     0.0349
  140.0000   172.5000     0.0371
  140.0000   175.0000     0.0381
  140.0000   177.5000     0.0397
  140.0000   180.0000     0.0401
  140.0000   182.5000     0.0426
  140.0000   185.0000     0.0448
  140.0000   187.5000     0.0467
  140.0000   190.0000     0.0487
  140.0000   192.5000     0.0510
  140.0000   195.0000     0.0517
  140.0000   197.5000     0.0540
  150.0000    50.0000     0.0609
  150.0000    52.5000     0.0580
  150.0000    55.0000     0.0566
  150.0000    57.5000     0.0555
  150.0000    60.0000     0.0555
  150.0000    62.5000     0.0546
  150.0000    65.0000     0.0542
  150.0000    67.5000     0.0527
  150.0000    70.0000     0.0499
  150.0000    72.5000     0.0496
  150.0000    75.0000     0.0492
  150.0000    77.5000     0.0478
  150.0000    80.0000     0.0483
  150.0000    82.5000     0.0487
  150.0000    85.0000     0.0456
  150.0000    87.5000     0.0434
  150.0000    90.0000     0.0431
  150.0000    92.5000     0.0408
  150.0000    95.0000     0.0409
  150.0000    97.5000     0.0412
  150.0000   100.0000     0.0397
  150.0000   102.5000     0.0384
  150.0000   105.0000     0.0374
  150.0000   107.5000     0.0368
  150.0000   110.0000     0.0342
  150.0000   112.5000     0.0362
  150.0000   115.0000     0.0362
  150.0000   117.5000     0.0365
  150.0000   120.0000     0.0366
  150.0000   122.5000     0.0353
  150.0000   125.0000     0.0347
  150.0000   127.5000     0.0334
  150.0000   130.0000     0.0350
  150.0000   132.5000     0.0295
  150.0000   135.0000     0.0266
  150.0000   137.5000     0.0231
  150.0000   140.0000     0.0203
  150.0000   142.5000     0.0178
  150.0000   145.0000     0.0148
  150.0000   152.5000     0.0112
  150.0000   155.0000     0.0139
  150.0000   157.5000     0.0160
  150.0000   160.0000     0.0184
  150.0000   162.5000     0.0222
  150.0000   165.0000     0.0230
  150.0000   167.5000     0.0246
  150.0000   170.0000     0.0258
  150.0000   172.5000     0.0280
  150.0000   175.0000     0.0292
  150.0000   177.5000     0.0308
  150.0000   180.0000     0.0312
  150.0000   182.5000     0.0337
  150.0000   185.0000     0.0359
  150.0000   187.5000     0.0378
  150.0000   190.0000     0.0398
  150.0000   192.5000     0.0421
  150.0000   195.0000     0.0428
  150.0000   197.5000     0.0451
  150.0000   200.0000     0.0487
  150.0000   202.5000     0.0497
  150.0000   207.5000     0.0517
  150.0000   210.0000     0.0527
  150.0000   212.5000     0.0529
  150.0000   215.0000     0.0536
  150.0000   217.5000     0.0551
  150.0000   220.0000     0.0578
  160.0000    50.0000     0.0639
  160.0000    52.5000     0.0611
  160.0000    55.0000     0.0597
  160.0000    57.5000     0.0586
  160.0000    60.0000     0.0586
  160.0000    62.5000     0.0577
  160.0000    65.0000     0.0573
  160.0000    67.5000     0.0557
  160.0000    70.0000     0.0529
  160.0000    72.5000     0.0527
  160.0000    75.0000     0.0522
  160.0000    77.5000     0.0509
  160.0000    80.0000     0.0514
  160.0000    82.5000     0.0518
  160.0000    85.0000     0.0487
  160.0000    87.5000     0.0465
  160.0000    90.0000     0.0461
  160.0000    92.5000     0.0438
  160.0000    95.0000     0.0439
  160.0000   100.0000     0.0429
  160.0000   102.5000     0.0416
  160.0000   105.0000     0.0406
  160.0000   107.5000     0.0400
  160.0000   110.0000     0.0374
  160.0000   112.5000     0.0394
  160.0000   115.0000     0.0404
  160.0000   117.5000     0.0412
  160.0000   120.0000     0.0420
  160.0000   122.5000     0.0408
  160.0000   125.0000     0.0401
  160.0000   127.5000     0.0394
  160.0000   130.0000     0.0424
  160.0000   132.5000     0.0373
  160.0000   135.0000     0.0343
  160.0000   137.5000     0.0309
  160.0000   140.0000     0.0281
  160.0000   142.5000     0.0258
  160.0000   145.0000     0.0238
  160.0000   147.5000     0.0205
  160.0000   150.0000     0.0184
  160.0000   152.5000     0.0171
  160.0000   155.0000     0.0131
  160.0000   162.5000     0.0103
  160.0000   165.0000     0.0148
  160.0000   167.5000     0.0175
  160.0000   170.0000     0.0194
  160.0000   172.5000     0.0224
  160.0000   175.0000     0.0238
  160.0000   177.5000     0.0255
  160.0000   180.0000     0.0259
  160.0000   182.5000     0.0285
  160.0000   185.0000     0.0306
  160.0000   187.5000     0.0325
  160.0000   190.0000     0.0346
  160.0000   192.5000     0.0370
  160.0000   195.0000     0.0377
  160.0000   197.5000     0.0400
  160.0000   200.0000     0.0436
  160.0000   202.5000     0.0446
  160.0000   207.5000     0.0477
  160.0000   210.0000     0.0494
  160.0000   212.5000     0.0505
  160.0000   215.0000     0.0516
  160.0000   217.5000     0.0536
  160.0000   220.0000     0.0569
  160.0000   227.5000     0.0563
  160.0000   230.0000     0.0559
  160.0000   232.5000     0.0566
  160.0000   235.0000     0.0575
  160.0000   237.5000     0.0604
  170.0000    42.5000     0.0709
  170.0000    45.0000     0.0697
  170.0000    47.5000     0.0697
  170.0000    50.0000     0.0671
  170.0000    52.5000     0.0643
  170.0000    55.0000     0.0629
  170.0000    57.5000     0.0617
  170.0000    60.0000     0.0617
  170.0000    62.5000     0.0609
  170.0000    65.0000     0.0604
  170.0000    67.5000     0.0589
  170.0000    70.0000     0.0561
  170.0000    72.5000     0.0558
  170.0000    75.0000     0.0554
  170.0000    77.5000     0.0540
  170.0000    80.0000     0.0545
  170.0000    82.5000     0.0550
  170.0000    85.0000     0.0519
  170.0000    87.5000     0.0496
  170.0000    90.0000     0.0493
  170.0000    92.5000     0.0470
  170.0000    95.0000     0.0471
  170.0000    97.5000     0.0474
  170.0000   100.0000     0.0465
  170.0000   102.5000     0.0454
  170.0000   105.0000     0.0444
  170.0000   107.5000     0.0438
  170.0000   110.0000     0.0412
  170.0000   112.5000     0.0432
  170.0000   117.5000     0.0453
  170.0000   120.0000     0.0468
  170.0000   122.5000     0.0456
  170.0000   125.0000     0.0455
  170.0000   127.5000     0.0451
  170.0000   130.0000     0.0482
  170.0000   132.5000     0.0437
  170.0000   135.0000     0.0410
  170.0000   137.5000     0.0378
  170.0000   140.0000     0.0349
  170.0000   142.5000     0.0329
  170.0000   145.0000     0.0311
  170.0000   147.5000     0.0279
  170.0000   150.0000     0.0258
  170.0000   152.5000     0.0251
  170.0000   155.0000     0.0226
  170.0000   157.5000     0.0202
  170.0000   160.0000     0.0194
  170.0000   162.5000     0.0165
  170.0000   165.0000     0.0123
  170.0000   175.0000     0.0122
  170.0000   177.5000     0.0147
  170.0000   180.0000     0.0154
  170.0000   182.5000     0.0182
  170.0000   185.0000     0.0203
  170.0000   187.5000     0.0222
  170.0000   190.0000     0.0243
  170.0000   192.5000     0.0267
  170.0000   195.0000     0.0274
  170.0000   197.5000     0.0298
  170.0000   200.0000     0.0333
  170.0000   202.5000     0.0343
  170.0000   207.5000     0.0375
  170.0000   210.0000     0.0391
  170.0000   212.5000     0.0402
  170.0000   215.0000     0.0414
  170.0000   217.5000     0.0436
  170.0000   220.0000     0.0471
  170.0000   227.5000     0.0487
  170.0000   230.0000     0.0488
  170.0000   232.5000     0.0499
  170.0000   235.0000     0.0511
  170.0000   237.5000     0.0542
  180.0000    50.0000     0.0700
  180.0000    52.5000     0.0672
  180.0000    55.0000     0.0658
  180.0000    57.5000     0.0646
  180.0000    60.0000     0.0646
  180.0000    62.5000     0.0637
  180.0000    65.0000     0.0633
  180.0000    67.5000     0.0618
  180.0000    70.0000     0.0590
  180.0000    72.5000     0.0587
  180.0000    75.0000     0.0583
  180.0000    77.5000     0.0569
  180.0000    80.0000     0.0574
  180.0000    82.5000     0.0578
  180.0000    85.0000     0.0548
  180.0000    87.5000     0.0525
  180.0000    90.0000     0.0522
  180.0000    92.5000     0.0499
  180.0000    95.0000     0.0500
  180.0000    97.5000     0.0503
  180.0000   100.0000     0.0493
  180.0000   102.5000     0.0483
  180.0000   105.0000     0.0473
  180.0000   107.5000     0.0467
  180.0000   110.0000     0.0441
  180.0000   112.5000     0.0461
  180.0000   115.0000     0.0470
  180.0000   117.5000     0.0482
  180.0000   120.0000     0.0498
  180.0000   122.5000     0.0486
  180.0000   125.0000     0.0485
  180.0000   127.5000     0.0482
  180.0000   130.0000     0.0519
  180.0000   132.5000     0.0480
  180.0000   135.0000     0.0461
  180.0000   137.5000     0.0429
  180.0000   140.0000     0.0401
  180.0000   142.5000     0.0380
  180.0000   145.0000     0.0363
  180.0000   147.5000     0.0332
  180.0000   150.0000     0.0312
  180.0000   152.5000     0.0306
  180.0000   155.0000     0.0284
  180.0000   157.5000     0.0266
  180.0000   160.0000     0.0259
  180.0000   162.5000     0.0241
  180.0000   165.0000     0.0218
  180.0000   167.5000     0.0190
  180.0000   170.0000     0.0154
  180.0000   172.5000     0.0140
  180.0000   175.0000     0.0118
  180.0000   177.5000     0.0096
  180.0000   185.0000     0.0130
  180.0000   187.5000     0.0151
  180.0000   190.0000     0.0172
  180.0000   192.5000     0.0197
  180.0000   195.0000     0.0204
  180.0000   197.5000     0.0227
  180.0000   200.0000     0.0263
  180.0000   202.5000     0.0273
  180.0000   207.5000     0.0304
  180.0000   210.0000     0.0321
  180.0000   212.5000     0.0332
  180.0000   215.0000     0.0344
  180.0000   217.5000     0.0366
  180.0000   220.0000     0.0401
  180.0000   225.0000     0.0410
  180.0000   227.5000     0.0417
  180.0000   230.0000     0.0418
  180.0000   232.5000     0.0429
  180.0000   235.0000     0.0440
  180.0000   237.5000     0.0471
  190.0000   242.5000     0.0512
  190.0000   245.0000     0.0520
  190.0000   247.5000     0.0523
  190.0000   250.0000     0.0537
  190.0000   252.5000     0.0530
  190.0000   255.0000     0.0531
  190.0000   257.5000     0.0514
  190.0000   260.0000     0.0507
  190.0000   262.5000     0.0518
  190.0000   265.0000     0.0525
  190.0000   267.5000     0.0519
  190.0000   270.0000     0.0562
  190.0000   272.5000     0.0520
  190.0000   275.0000     0.0499
  190.0000   277.5000     0.0491
  190.0000   280.0000     0.0539
  190.0000   282.5000     0.0525
  190.0000   285.0000     0.0527
  190.0000   287.5000     0.0526
  190.0000   290.0000     0.0544
  190.0000   292.5000     0.0557
  190.0000   295.0000     0.0562
  190.0000   297.5000     0.0572
  190.0000   300.0000     0.0570
  190.0000   302.5000     0.0598
  190.0000   305.0000     0.0610
  190.0000   307.5000     0.0629
  190.0000   310.0000     0.0624
  200.0000    47.5000     0.0823
  200.0000    62.5000     0.0737
  200.0000    65.0000     0.0735
  200.0000    67.5000     0.0719
  200.0000    70.0000     0.0691
  200.0000    72.5000     0.0689
  200.0000    75.0000     0.0684
  200.0000    77.5000     0.0671
  200.0000    80.0000     0.0676
  200.0000    82.5000     0.0680
  200.0000    85.0000     0.0649
  200.0000    87.5000     0.0627
  200.0000    90.0000     0.0623
  200.0000    92.5000     0.0600
  200.0000    95.0000     0.0601
  200.0000    97.5000     0.0604
  200.0000   100.0000     0.0595
  200.0000   102.5000     0.0584
  200.0000   105.0000     0.0574
  200.0000   107.5000     0.0568
  200.0000   110.0000     0.0543
  200.0000   112.5000     0.0562
  200.0000   115.0000     0.0572
  200.0000   117.5000     0.0583
  200.0000   120.0000     0.0600
  200.0000   122.5000     0.0588
  200.0000   125.0000     0.0587
  200.0000   127.5000     0.0584
  200.0000   130.0000     0.0621
  200.0000   132.5000     0.0583
  200.0000   135.0000     0.0578
  200.0000   137.5000     0.0565
  200.0000   140.0000     0.0559
  200.0000   142.5000     0.0552
  200.0000   145.0000     0.0538
  200.0000   147.5000     0.0508
  200.0000   150.0000     0.0487
  200.0000   152.5000     0.0481
  200.0000   155.0000     0.0460
  200.0000   157.5000     0.0443
  200.0000   160.0000     0.0436
  200.0000   162.5000     0.0418
  200.0000   165.0000     0.0395
  200.0000   167.5000     0.0368
  200.0000   170.0000     0.0333
  200.0000   172.5000     0.0319
  200.0000   175.0000     0.0299
  200.0000   177.5000     0.0287
  200.0000   180.0000     0.0263
  200.0000   182.5000     0.0265
  200.0000   185.0000     0.0256
  200.0000   187.5000     0.0247
  200.0000   190.0000     0.0229
  200.0000   192.5000     0.0193
  200.0000   195.0000     0.0154
  200.0000   202.5000     0.0124
  200.0000   207.5000     0.0194
  200.0000   210.0000     0.0215
  200.0000   212.5000     0.0235
  200.0000   215.0000     0.0249
  200.0000   217.5000     0.0274
  200.0000   220.0000     0.0312
  200.0000   227.5000     0.0338
  200.0000   230.0000     0.0341
  200.0000   232.5000     0.0352
  200.0000   235.0000     0.0364
  200.0000   237.5000     0.0395
  210.0000   100.0000     0.0609
  210.0000   102.5000     0.0598
  210.0000   105.0000     0.0588
  210.0000   107.5000     0.0582
  210.0000   110.0000     0.0557
  210.0000   112.5000     0.0576
  210.0000   115.0000     0.0586
  210.0000   117.5000     0.0597
  210.0000   120.0000     0.0614
  210.0000   122.5000     0.0602
  210.0000   125.0000     0.0601
  210.0000   127.5000     0.0598
  210.0000   130.0000     0.0635
  210.0000   132.5000     0.0597
  210.0000   135.0000     0.0592
  210.0000   137.5000     0.0579
  210.0000   140.0000     0.0572
  210.0000   142.5000     0.0566
  210.0000   145.0000     0.0563
  210.0000   147.5000     0.0543
  210.0000   150.0000     0.0527
  210.0000   152.5000     0.0537
  210.0000   155.0000     0.0516
  210.0000   157.5000     0.0501
  210.0000   160.0000     0.0494
  210.0000   162.5000     0.0476
  210.0000   165.0000     0.0453
  210.0000   167.5000     0.0425
  210.0000   170.0000     0.0391
  210.0000   172.5000     0.0377
  210.0000   175.0000     0.0357
  210.0000   177.5000     0.0345
  210.0000   180.0000     0.0321
  210.0000   182.5000     0.0324
  210.0000   185.0000     0.0315
  210.0000   187.5000     0.0307
  210.0000   190.0000     0.0288
  210.0000   192.5000     0.0270
  210.0000   195.0000     0.0246
  210.0000   197.5000     0.0230
  210.0000   200.0000     0.0215
  210.0000   202.5000     0.0184
  210.0000   205.0000     0.0152
  210.0000   207.5000     0.0113
  210.0000   212.5000     0.0101
  210.0000   215.0000     0.0145
  210.0000   217.5000     0.0175
  210.0000   220.0000     0.0219
  210.0000   222.5000     0.0260
  210.0000   227.5000     0.0268
  210.0000   230.0000     0.0271
  210.0000   232.5000     0.0283
  210.0000   235.0000     0.0295
  210.0000   237.5000     0.0326
  220.0000   152.5000     0.0592
  220.0000   155.0000     0.0583
  220.0000   157.5000     0.0573
  220.0000   160.0000     0.0569
  220.0000   162.5000     0.0554
  220.0000   165.0000     0.0532
  220.0000   167.5000     0.0505
  220.0000   170.0000     0.0471
  220.0000   172.5000     0.0457
  220.0000   175.0000     0.0436
  220.0000   177.5000     0.0424
  220.0000   180.0000     0.0401
  220.0000   182.5000     0.0403
  220.0000   185.0000     0.0395
  220.0000   187.5000     0.0386
  220.0000   190.0000     0.0371
  220.0000   192.5000     0.0356
  220.0000   195.0000     0.0336
  220.0000   197.5000     0.0319
  220.0000   200.0000     0.0312
  220.0000   202.5000     0.0288
  220.0000   205.0000     0.0258
  220.0000   207.5000     0.0243
  220.0000   210.0000     0.0219
  220.0000   212.5000     0.0190
  220.0000   215.0000     0.0161
  220.0000   217.5000     0.0102
  220.0000   222.5000     0.0133
  220.0000   225.0000     0.0198
  220.0000   227.5000     0.0221
  220.0000   230.0000     0.0224
  220.0000   232.5000     0.0237
  220.0000   235.0000     0.0250
  220.0000   237.5000     0.0281
  230.0000   152.5000     0.0565
  230.0000   155.0000     0.0556
  230.0000   157.5000     0.0556
  230.0000   160.0000     0.0559
  230.0000   162.5000     0.0557
  230.0000   165.0000     0.0540
  230.0000   167.5000     0.0522
  230.0000   170.0000     0.0488
  230.0000   172.5000     0.0474
  230.0000   175.0000     0.0454
  230.0000   177.5000     0.0442
  230.0000   180.0000     0.0418
  230.0000   182.5000     0.0421
  230.0000   185.0000     0.0412
  230.0000   187.5000     0.0404
  230.0000   190.0000     0.0388
  230.0000   192.5000     0.0373
  230.0000   195.0000     0.0357
  230.0000   197.5000     0.0347
  230.0000   200.0000     0.0341
  230.0000   202.5000     0.0318
  230.0000   207.5000     0.0285
  230.0000   210.0000     0.0271
  230.0000   212.5000     0.0250
  230.0000   215.0000     0.0237
  230.0000   217.5000     0.0227
  230.0000   220.0000     0.0224
  230.0000   225.0000     0.0136
  230.0000   232.5000     0.0090
  230.0000   235.0000     0.0123
  230.0000   237.5000     0.0154
  240.0000   150.0000     0.0629
  240.0000   152.5000     0.0644
  240.0000   155.0000     0.0636
  240.0000   157.5000     0.0636
  240.0000   160.0000     0.0640
  240.0000   162.5000     0.0640
  240.0000   165.0000     0.0624
  240.0000   167.5000     0.0609
  240.0000   170.0000     0.0594
  240.0000   172.5000     0.0590
  240.0000   175.0000     0.0573
  240.0000   177.5000     0.0561
  240.0000   180.0000     0.0537
  240.0000   182.5000     0.0540
  240.0000   185.0000     0.0531
  240.0000   187.5000     0.0523
  240.0000   190.0000     0.0507
  240.0000   192.5000     0.0492
  240.0000   195.0000     0.0476
  240.0000   197.5000     0.0466
  240.0000   200.0000     0.0461
  240.0000   202.5000     0.0438
  240.0000   207.5000     0.0404
  240.0000   210.0000     0.0392
  240.0000   212.5000     0.0370
  240.0000   215.0000     0.0358
  240.0000   217.5000     0.0349
  240.0000   220.0000     0.0347
  240.0000   225.0000     0.0272
  240.0000   227.5000     0.0245
  240.0000   230.0000     0.0221
  240.0000   232.5000     0.0193
  240.0000   235.0000     0.0150
  240.0000   237.5000     0.0104
  250.0000   177.5000     0.0568
  250.0000   180.0000     0.0558
  250.0000   185.0000     0.0558
  250.0000   187.5000     0.0550
  250.0000   190.0000     0.0537
  250.0000   192.5000     0.0530
  250.0000   195.0000     0.0517
  250.0000   197.5000     0.0508
  250.0000   200.0000     0.0508
  250.0000   202.5000     0.0487
  250.0000   207.5000     0.0457
  250.0000   210.0000     0.0445
  250.0000   212.5000     0.0433
  250.0000   215.0000     0.0424
  250.0000   217.5000     0.0415
  250.0000   220.0000     0.0415
  250.0000   222.5000     0.0376
  250.0000   225.0000     0.0347
  250.0000   227.5000     0.0323
  250.0000   230.0000     0.0302
  250.0000   232.5000     0.0285
  250.0000   235.0000     0.0262
  250.0000   237.5000     0.0244
  260.0000   170.0000     0.0539
  260.0000   172.5000     0.0536
  260.0000   175.0000     0.0529
  260.0000   177.5000     0.0531
  260.0000   180.0000     0.0525
  260.0000   182.5000     0.0529
  260.0000   185.0000     0.0526
  260.0000   187.5000     0.0519
  260.0000   190.0000     0.0507
  260.0000   192.5000     0.0499
  260.0000   195.0000     0.0492
  260.0000   197.5000     0.0495
  260.0000   200.0000     0.0497
  260.0000   202.5000     0.0476
  260.0000   207.5000     0.0445
  260.0000   210.0000     0.0434
  260.0000   212.5000     0.0421
  260.0000   215.0000     0.0414
  260.0000   217.5000     0.0417
  260.0000   220.0000     0.0419
  260.0000   225.0000     0.0370
  260.0000   227.5000     0.0352
  260.0000   230.0000     0.0335
  260.0000   232.5000     0.0318
  260.0000   235.0000     0.0296
  260.0000   237.5000     0.0306
  270.0000   240.0000     0.0420
  270.0000   242.5000     0.0382
  270.0000   250.0000     0.0338
  270.0000   252.5000     0.0314
  270.0000   255.0000     0.0296
  270.0000   257.5000     0.0267
  270.0000   260.0000     0.0235
  270.0000   262.5000     0.0218
  270.0000   265.0000     0.0203
  270.0000   267.5000     0.0159
  270.0000   272.5000     0.0158
  270.0000   275.0000     0.0189
  270.0000   277.5000     0.0196
  270.0000   280.0000     0.0247
  270.0000   282.5000     0.0259
  270.0000   285.0000     0.0269
  270.0000   287.5000     0.0269
  270.0000   290.0000     0.0293
  270.0000   292.5000     0.0321
  270.0000   295.0000     0.0328
  270.0000   297.5000     0.0340
  270.0000   300.0000     0.0339
  270.0000   302.5000     0.0367
  270.0000   305.0000     0.0379
  270.0000   307.5000     0.0398
  270.0000   310.0000     0.0393
  270.0000   312.5000     0.0426
  280.0000   240.0000     0.0428
  280.0000   242.5000     0.0390
  280.0000   250.0000     0.0346
  280.0000   252.5000     0.0322
  280.0000   255.0000     0.0304
  280.0000   257.5000     0.0276
  280.0000   260.0000     0.0259
  280.0000   262.5000     0.0247
  280.0000   265.0000     0.0240
  280.0000   267.5000     0.0220
  280.0000   270.0000     0.0247
  280.0000   272.5000     0.0184
  280.0000   275.0000     0.0133
  280.0000   277.5000     0.0080
  280.0000   282.5000     0.0101
  280.0000   285.0000     0.0153
  280.0000   287.5000     0.0176
  280.0000   290.0000     0.0210
  280.0000   292.5000     0.0240
  280.0000   295.0000     0.0257
  280.0000   297.5000     0.0281
  280.0000   300.0000     0.0284
  280.0000   302.5000     0.0326
  280.0000   305.0000     0.0341
  280.0000   307.5000     0.0362
  280.0000   310.0000     0.0357
  280.0000   312.5000     0.0390
  280.0000   315.0000     0.0402
  280.0000   317.5000     0.0404
  280.0000   320.0000     0.0414
  280.0000   322.5000     0.0415
  280.0000   325.0000     0.0418
  280.0000   327.5000     0.0427
  280.0000   330.0000     0.0437
  290.0000   250.0000     0.0386
  290.0000   252.5000     0.0362
  290.0000   255.0000     0.0344
  290.0000   257.5000     0.0315
  290.0000   260.0000     0.0299
  290.0000   262.5000     0.0288
  290.0000   265.0000     0.0281
  290.0000   267.5000     0.0262
  290.0000   270.0000     0.0293
  290.0000   272.5000     0.0242
  290.0000   275.0000     0.0208
  290.0000   277.5000     0.0199
  290.0000   280.0000     0.0210
  290.0000   282.5000     0.0147
  290.0000   285.0000     0.0141
  290.0000   287.5000     0.0110
  290.0000   292.5000     0.0135
  290.0000   295.0000     0.0169
  290.0000   297.5000     0.0196
  290.0000   300.0000     0.0205
  290.0000   302.5000     0.0246
  290.0000   305.0000     0.0264
  290.0000   307.5000     0.0287
  290.0000   312.5000     0.0315
  290.0000   315.0000     0.0329
  290.0000   317.5000     0.0338
  290.0000   320.0000     0.0352
  290.0000   322.5000     0.0354
  290.0000   325.0000     0.0358
  290.0000   327.5000     0.0367
  290.0000   330.0000     0.0384
  290.0000   332.5000     0.0383
  290.0000   335.0000     0.0371
  290.0000   337.5000     0.0366
  290.0000   340.0000     0.0350
  290.0000   342.5000     0.0382
  290.0000   345.0000     0.0379
  290.0000   347.5000     0.0373
  290.0000   350.0000     0.0374
  290.0000   352.5000     0.0378
  290.0000   355.0000     0.0391
  290.0000   357.5000     0.0409
  300.0000   250.0000     0.0421
  300.0000   252.5000     0.0401
  300.0000   255.0000     0.0387
  300.0000   257.5000     0.0358
  300.0000   260.0000     0.0342
  300.0000   262.5000     0.0332
  300.0000   265.0000     0.0326
  300.0000   267.5000     0.0306
  300.0000   270.0000     0.0339
  300.0000   272.5000     0.0290
  300.0000   275.0000     0.0263
  300.0000   277.5000     0.0254
  300.0000   280.0000     0.0284
  300.0000   282.5000     0.0221
  300.0000   285.0000     0.0216
  300.0000   287.5000     0.0204
  300.0000   290.0000     0.0205
  300.0000   292.5000     0.0187
  300.0000   295.0000     0.0144
  300.0000   297.5000     0.0083
  300.0000   302.5000     0.0101
  300.0000   305.0000     0.0156
  300.0000   307.5000     0.0205
  300.0000   310.0000     0.0206
  300.0000   312.5000     0.0244
  300.0000   315.0000     0.0262
  300.0000   317.5000     0.0284
  300.0000   320.0000     0.0317
  300.0000   322.5000     0.0338
  300.0000   325.0000     0.0342
  300.0000   327.5000     0.0352
  300.0000   330.0000     0.0368
  300.0000   332.5000     0.0367
  300.0000   335.0000     0.0367
  300.0000   337.5000     0.0368
  300.0000   340.0000     0.0353
  300.0000   342.5000     0.0385
  300.0000   345.0000     0.0383
  300.0000   347.5000     0.0376
  300.0000   350.0000     0.0377
  300.0000   352.5000     0.0381
  300.0000   355.0000     0.0394
  300.0000   357.5000     0.0412
  300.0000   360.0000     0.0411
  300.0000   362.5000     0.0438
  300.0000   365.0000     0.0440
  300.0000   367.5000     0.0448
  300.0000   370.0000     0.0474
  300.0000   372.5000     0.0473
  300.0000   375.0000     0.0490
  310.0000   250.0000     0.0475
  310.0000   252.5000     0.0455
  310.0000   255.0000     0.0441
  310.0000   257.5000     0.0412
  310.0000   260.0000     0.0396
  310.0000   262.5000     0.0386
  310.0000   265.0000     0.0380
  310.0000   267.5000     0.0360
  310.0000   270.0000     0.0393
  310.0000   272.5000     0.0346
  310.0000   275.0000     0.0320
  310.0000   277.5000     0.0311
  310.0000   280.0000     0.0357
  310.0000   282.5000     0.0294
  310.0000   285.0000     0.0289
  310.0000   287.5000     0.0277
  310.0000   290.0000     0.0282
  310.0000   292.5000     0.0276
  310.0000   295.0000     0.0262
  310.0000   297.5000     0.0223
  310.0000   300.0000     0.0206
  310.0000   302.5000     0.0176
  310.0000   305.0000     0.0163
  310.0000   312.5000     0.0114
  310.0000   315.0000     0.0168
  310.0000   317.5000     0.0201
  310.0000   320.0000     0.0235
  310.0000   322.5000     0.0264
  310.0000   325.0000     0.0284
  310.0000   327.5000     0.0311
  310.0000   330.0000     0.0338
  310.0000   332.5000     0.0346
  310.0000   335.0000     0.0346
  310.0000   337.5000     0.0347
  310.0000   340.0000     0.0332
  310.0000   342.5000     0.0371
  310.0000   345.0000     0.0403
  310.0000   347.5000     0.0400
  310.0000   350.0000     0.0401
  310.0000   352.5000     0.0405
  310.0000   355.0000     0.0417
  310.0000   357.5000     0.0437
  310.0000   360.0000     0.0438
  310.0000   362.5000     0.0470
  310.0000   365.0000     0.0472
  310.0000   367.5000     0.0480
  310.0000   370.0000     0.0507
  310.0000   372.5000     0.0505
  310.0000   375.0000     0.0523
  310.0000   377.5000     0.0517
  310.0000   380.0000     0.0509
  332.5000   282.5000     0.0387
  332.5000   285.0000     0.0385
  332.5000   287.5000     0.0377
  332.5000   290.0000     0.0383
  332.5000   292.5000     0.0377
  332.5000   295.0000     0.0376
  332.5000   297.5000     0.0370
  332.5000   300.0000     0.0367
  332.5000   302.5000     0.0358
  332.5000   305.0000     0.0353
  332.5000   307.5000     0.0357
  332.5000   310.0000     0.0346
  332.5000   312.5000     0.0320
  332.5000   315.0000     0.0297
  332.5000   317.5000     0.0277
  332.5000   320.0000     0.0262
  332.5000   322.5000     0.0226
  332.5000   325.0000     0.0195
  332.5000   327.5000     0.0167
  332.5000   330.0000     0.0125
  332.5000   335.0000     0.0113
  332.5000   337.5000     0.0169
  332.5000   340.0000     0.0163
  332.5000   342.5000     0.0201
  332.5000   345.0000     0.0236
  332.5000   347.5000     0.0262
  332.5000   350.0000     0.0278
  332.5000   352.5000     0.0288
  332.5000   355.0000     0.0305
  332.5000   357.5000     0.0325
  332.5000   360.0000     0.0326
  332.5000   362.5000     0.0360
  332.5000   365.0000     0.0370
  332.5000   367.5000     0.0395
  332.5000   370.0000     0.0428
  332.5000   372.5000     0.0431
  332.5000   375.0000     0.0456
  332.5000   377.5000     0.0462
  332.5000   380.0000     0.0461
  332.5000   382.5000     0.0451
  332.5000   385.0000     0.0454
  332.5000   387.5000     0.0473
  332.5000   390.0000     0.0447
  332.5000   392.5000     0.0471
  332.5000   395.0000     0.0494
  332.5000   397.5000     0.0517
  332.5000   400.0000     0.0550
  332.5000   402.5000     0.0560
  332.5000   405.0000     0.0580
  332.5000   407.5000     0.0598
  332.5000   410.0000     0.0626
  340.0000   292.5000     0.0350
  340.0000   295.0000     0.0350
  340.0000   297.5000     0.0355
  340.0000   300.0000     0.0353
  340.0000   302.5000     0.0344
  340.0000   305.0000     0.0340
  340.0000   307.5000     0.0343
  340.0000   310.0000     0.0332
  340.0000   312.5000     0.0308
  340.0000   315.0000     0.0291
  340.0000   317.5000     0.0274
  340.0000   320.0000     0.0261
  340.0000   322.5000     0.0227
  340.0000   325.0000     0.0203
  340.0000   327.5000     0.0183
  340.0000   330.0000     0.0171
  340.0000   332.5000     0.0163
  340.0000   335.0000     0.0089
  340.0000   342.5000     0.0042
  340.0000   345.0000     0.0084
  340.0000   347.5000     0.0118
  340.0000   350.0000     0.0135
  340.0000   352.5000     0.0145
  340.0000   355.0000     0.0166
  340.0000   357.5000     0.0193
  340.0000   360.0000     0.0199
  340.0000   362.5000     0.0233
  340.0000   365.0000     0.0244
  340.0000   367.5000     0.0268
  340.0000   370.0000     0.0301
  340.0000   372.5000     0.0310
  340.0000   375.0000     0.0334
  340.0000   377.5000     0.0340
  340.0000   380.0000     0.0359
  340.0000   382.5000     0.0350
  340.0000   385.0000     0.0353
  340.0000   387.5000     0.0374
  340.0000   390.0000     0.0348
  340.0000   392.5000     0.0372
  350.0000   257.5000     0.0463
  350.0000   260.0000     0.0450
  350.0000   262.5000     0.0442
  350.0000   265.0000     0.0437
  350.0000   267.5000     0.0417
  350.0000   270.0000     0.0450
  350.0000   272.5000     0.0403
  350.0000   275.0000     0.0378
  350.0000   277.5000     0.0369
  350.0000   280.0000     0.0416
  350.0000   282.5000     0.0370
  350.0000   285.0000     0.0368
  350.0000   287.5000     0.0361
  350.0000   290.0000     0.0374
  350.0000   292.5000     0.0374
  350.0000   295.0000     0.0374
  350.0000   297.5000     0.0379
  350.0000   300.0000     0.0377
  350.0000   302.5000     0.0398
  350.0000   305.0000     0.0405
  350.0000   307.5000     0.0411
  350.0000   310.0000     0.0401
  350.0000   312.5000     0.0378
  350.0000   315.0000     0.0361
  350.0000   317.5000     0.0344
  350.0000   320.0000     0.0341
  350.0000   322.5000     0.0328
  350.0000   325.0000     0.0313
  350.0000   327.5000     0.0295
  350.0000   330.0000     0.0283
  350.0000   332.5000     0.0278
  350.0000   335.0000     0.0215
  350.0000   337.5000     0.0177
  350.0000   340.0000     0.0135
  350.0000   342.5000     0.0138
  350.0000   345.0000     0.0122
  350.0000   347.5000     0.0080
  350.0000   352.5000     0.0078
  350.0000   355.0000     0.0123
  350.0000   357.5000     0.0156
  350.0000   360.0000     0.0167
  350.0000   362.5000     0.0202
  350.0000   365.0000     0.0213
  350.0000   367.5000     0.0238
  350.0000   370.0000     0.0270
  350.0000   372.5000     0.0288
  350.0000   375.0000     0.0312
  350.0000   377.5000     0.0318
  350.0000   380.0000     0.0338
  350.0000   382.5000     0.0329
  350.0000   385.0000     0.0332
  350.0000   387.5000     0.0353
  350.0000   390.0000     0.0327
  350.0000   392.5000     0.0351
  350.0000   395.0000     0.0374
  350.0000   397.5000     0.0399
  350.0000   400.0000     0.0432
  350.0000   402.5000     0.0442
  350.0000   405.0000     0.0463
  350.0000   407.5000     0.0484
  350.0000   410.0000     0.0526
  350.0000   412.5000     0.0525
  350.0000   415.0000     0.0538
  350.0000   420.0000     0.0553
  350.0000   422.5000     0.0560
  350.0000   425.0000     0.0573
  350.0000   427.5000     0.0585
  350.0000   430.0000     0.0599
  350.0000   432.5000     0.0607
  350.0000   435.0000     0.0616
  350.0000   437.5000     0.0628
  350.0000   440.0000     0.0644
  350.0000   442.5000     0.0639
  360.0000   295.0000     0.0408
  360.0000   297.5000     0.0413
  360.0000   300.0000     0.0411
  360.0000   302.5000     0.0432
  360.0000   305.0000     0.0439
  360.0000   307.5000     0.0449
  360.0000   310.0000     0.0438
  360.0000   312.5000     0.0416
  360.0000   315.0000     0.0399
  360.0000   317.5000     0.0382
  360.0000   320.0000     0.0379
  360.0000   322.5000     0.0366
  360.0000   325.0000     0.0351
  360.0000   327.5000     0.0337
  360.0000   330.0000     0.0331
  360.0000   332.5000     0.0326
  360.0000   335.0000     0.0274
  360.0000   337.5000     0.0241
  360.0000   340.0000     0.0199
  360.0000   342.5000     0.0202
  360.0000   345.0000     0.0188
  360.0000   347.5000     0.0174
  360.0000   350.0000     0.0167
  360.0000   352.5000     0.0123
  360.0000   355.0000     0.0098
  360.0000   362.5000     0.0071
  360.0000   365.0000     0.0106
  360.0000   367.5000     0.0131
  360.0000   370.0000     0.0164
  360.0000   372.5000     0.0192
  360.0000   375.0000     0.0224
  360.0000   377.5000     0.0232
  360.0000   380.0000     0.0261
  360.0000   382.5000     0.0262
  360.0000   385.0000     0.0269
  360.0000   387.5000     0.0292
  360.0000   390.0000     0.0271
  360.0000   392.5000     0.0295
  360.0000   395.0000     0.0318
  360.0000   397.5000     0.0343
  360.0000   400.0000     0.0378
  360.0000   402.5000     0.0390
  360.0000   405.0000     0.0411
  360.0000   407.5000     0.0434
  360.0000   410.0000     0.0480
  360.0000   415.0000     0.0499
  370.0000   312.5000     0.0502
  370.0000   315.0000     0.0491
  370.0000   317.5000     0.0483
  370.0000   320.0000     0.0480
  370.0000   322.5000     0.0467
  370.0000   325.0000     0.0452
  370.0000   327.5000     0.0438
  370.0000   330.0000     0.0433
  370.0000   332.5000     0.0428
  370.0000   335.0000     0.0376
  370.0000   337.5000     0.0343
  370.0000   340.0000     0.0301
  370.0000   342.5000     0.0304
  370.0000   345.0000     0.0290
  370.0000   347.5000     0.0276
  370.0000   350.0000     0.0270
  370.0000   352.5000     0.0235
  370.0000   355.0000     0.0218
  370.0000   357.5000     0.0199
  370.0000   360.0000     0.0164
  370.0000   362.5000     0.0166
  370.0000   365.0000     0.0138
  370.0000   372.5000     0.0122
  370.0000   375.0000     0.0177
  370.0000   377.5000     0.0190
  370.0000   380.0000     0.0220
  370.0000   382.5000     0.0242
  370.0000   385.0000     0.0260
  370.0000   387.5000     0.0282
  370.0000   390.0000     0.0262
  370.0000   392.5000     0.0287
  370.0000   395.0000     0.0310
  370.0000   397.5000     0.0335
  370.0000   400.0000     0.0371
  370.0000   402.5000     0.0383
  370.0000   405.0000     0.0404
  370.0000   407.5000     0.0427
  370.0000   410.0000     0.0473
  370.0000   412.5000     0.0482
  370.0000   415.0000     0.0496
  370.0000   417.5000     0.0504
  370.0000   420.0000     0.0518
  370.0000   422.5000     0.0533
  370.0000   425.0000     0.0552
  370.0000   427.5000     0.0563
  370.0000   430.0000     0.0578
  370.0000   432.5000     0.0587
  370.0000   435.0000     0.0598
  370.0000   437.5000     0.0613
  370.0000   440.0000     0.0637
  370.0000   442.5000     0.0639
  370.0000   445.0000     0.0649
  370.0000   447.5000     0.0661
  370.0000   450.0000     0.0670
  370.0000   452.5000     0.0665
  380.0000   312.5000     0.0504
  380.0000   315.0000     0.0493
  380.0000   317.5000     0.0485
  380.0000   320.0000     0.0488
  380.0000   322.5000     0.0478
  380.0000   325.0000     0.0471
  380.0000   327.5000     0.0463
  380.0000   330.0000     0.0466
  380.0000   332.5000     0.0461
  380.0000   335.0000     0.0423
  380.0000   337.5000     0.0401
  380.0000   340.0000     0.0359
  380.0000   342.5000     0.0362
  380.0000   345.0000     0.0351
  380.0000   347.5000     0.0342
  380.0000   350.0000     0.0338
  380.0000   352.5000     0.0319
  380.0000   355.0000     0.0311
  380.0000   357.5000     0.0295
  380.0000   360.0000     0.0261
  380.0000   362.5000     0.0268
  380.0000   365.0000     0.0248
  380.0000   367.5000     0.0229
  380.0000   370.0000     0.0220
  380.0000   372.5000     0.0170
  380.0000   375.0000     0.0151
  380.0000   377.5000     0.0107
  380.0000   382.5000     0.0098
  380.0000   385.0000     0.0131
  380.0000   387.5000     0.0163
  380.0000   390.0000     0.0145
  380.0000   392.5000     0.0171
  380.0000   395.0000     0.0195
  380.0000   397.5000     0.0220
  380.0000   400.0000     0.0255
  380.0000   402.5000     0.0268
  380.0000   405.0000     0.0289
  380.0000   407.5000     0.0311
  380.0000   410.0000     0.0357
  380.0000   412.5000     0.0367
  380.0000   415.0000     0.0387
  380.0000   417.5000     0.0395
  380.0000   420.0000     0.0409
  380.0000   422.5000     0.0424
  380.0000   425.0000     0.0443
  380.0000   427.5000     0.0455
  380.0000   430.0000     0.0469
  380.0000   432.5000     0.0479
  380.0000   435.0000     0.0490
  380.0000   437.5000     0.0505
  380.0000   440.0000     0.0531
  380.0000   442.5000     0.0533
  380.0000   445.0000     0.0544
  380.0000   447.5000     0.0557
  380.0000   450.0000     0.0578
  380.0000   452.5000     0.0578
  380.0000   455.0000     0.0579
  380.0000   457.5000     0.0600
  380.0000   460.0000     0.0623
  380.0000   462.5000     0.0594
  380.0000   465.0000     0.0596
  380.0000   467.5000     0.0614
  390.0000   312.5000     0.0490
  390.0000   315.0000     0.0479
  390.0000   317.5000     0.0471
  390.0000   320.0000     0.0474
  390.0000   322.5000     0.0464
  390.0000   325.0000     0.0457
  390.0000   327.5000     0.0449
  390.0000   330.0000     0.0452
  390.0000   332.5000     0.0447
  390.0000   335.0000     0.0409
  390.0000   337.5000     0.0389
  390.0000   340.0000     0.0348
  390.0000   342.5000     0.0350
  390.0000   345.0000     0.0339
  390.0000   347.5000     0.0330
  390.0000   350.0000     0.0327
  390.0000   352.5000     0.0309
  390.0000   355.0000     0.0308
  390.0000   357.5000     0.0305
  390.0000   360.0000     0.0271
  390.0000   362.5000     0.0283
  390.0000   365.0000     0.0263
  390.0000   367.5000     0.0261
  390.0000   370.0000     0.0262
  390.0000   372.5000     0.0219
  390.0000   375.0000     0.0202
  390.0000   377.5000     0.0170
  390.0000   380.0000     0.0145
  390.0000   382.5000     0.0122
  390.0000   385.0000     0.0101
  390.0000   387.5000     0.0068
  390.0000   392.5000     0.0050
  390.0000   395.0000     0.0090
  390.0000   397.5000     0.0118
  390.0000   400.0000     0.0153
  390.0000   402.5000     0.0167
  390.0000   405.0000     0.0191
  390.0000   407.5000     0.0215
  390.0000   410.0000     0.0261
  390.0000   412.5000     0.0270
  390.0000   415.0000     0.0295
  390.0000   417.5000     0.0312
  390.0000   420.0000     0.0332
  390.0000   422.5000     0.0346
  390.0000   425.0000     0.0365
  390.0000   427.5000     0.0377
  390.0000   430.0000     0.0392
  390.0000   432.5000     0.0401
  390.0000   435.0000     0.0412
  390.0000   437.5000     0.0428
  390.0000   440.0000     0.0454
  390.0000   442.5000     0.0457
  390.0000   445.0000     0.0469
  390.0000   447.5000     0.0481
  390.0000   450.0000     0.0503
  390.0000   452.5000     0.0502
  390.0000   455.0000     0.0503
  390.0000   457.5000     0.0524
  390.0000   460.0000     0.0554
  390.0000   462.5000     0.0535
  390.0000   465.0000     0.0544
  400.0000   317.5000     0.0574
  400.0000   320.0000     0.0577
  400.0000   322.5000     0.0567
  400.0000   325.0000     0.0560
  400.0000   327.5000     0.0552
  400.0000   330.0000     0.0555
  400.0000   332.5000     0.0550
  400.0000   335.0000     0.0513
  400.0000   337.5000     0.0494
  400.0000   340.0000     0.0453
  400.0000   342.5000     0.0455
  400.0000   345.0000     0.0444
  400.0000   347.5000     0.0435
  400.0000   350.0000     0.0432
  400.0000   352.5000     0.0416
  400.0000   355.0000     0.0415
  400.0000   357.5000     0.0413
  400.0000   360.0000     0.0378
  400.0000   362.5000     0.0390
  400.0000   365.0000     0.0370
  400.0000   367.5000     0.0370
  400.0000   370.0000     0.0371
  400.0000   372.5000     0.0328
  400.0000   375.0000     0.0312
  400.0000   377.5000     0.0280
  400.0000   380.0000     0.0255
  400.0000   382.5000     0.0237
  400.0000   385.0000     0.0216
  400.0000   387.5000     0.0209
  400.0000   390.0000     0.0153
  400.0000   392.5000     0.0157
  400.0000   395.0000     0.0143
  400.0000   397.5000     0.0111
  400.0000   402.5000     0.0124
  400.0000   405.0000     0.0159
  400.0000   407.5000     0.0186
  400.0000   410.0000     0.0232
  400.0000   412.5000     0.0241
  400.0000   415.0000     0.0266
  400.0000   417.5000     0.0283
  400.0000   420.0000     0.0308
  400.0000   422.5000     0.0331
  400.0000   425.0000     0.0361
  400.0000   427.5000     0.0383
  400.0000   430.0000     0.0405
  400.0000   432.5000     0.0421
  400.0000   435.0000     0.0433
  400.0000   437.5000     0.0449
  400.0000   440.0000     0.0475
  400.0000   442.5000     0.0479
  400.0000   445.0000     0.0491
  400.0000   447.5000     0.0503
  400.0000   450.0000     0.0525
  400.0000   452.5000     0.0524
  400.0000   455.0000     0.0525
  400.0000   457.5000     0.0546
  400.0000   460.0000     0.0576
  400.0000   462.5000     0.0557
  400.0000   465.0000     0.0566
  400.0000   467.5000     0.0598
  410.0000   312.5000     0.0669
  410.0000   315.0000     0.0658
  410.0000   317.5000     0.0649
  410.0000   320.0000     0.0653
  410.0000   322.5000     0.0643
  410.0000   325.0000     0.0635
  410.0000   327.5000     0.0628
  410.0000   330.0000     0.0631
  410.0000   332.5000     0.0626
  410.0000   335.0000     0.0599
  410.0000   337.5000     0.0588
  410.0000   342.5000     0.0549
  410.0000   345.0000     0.0538
  410.0000   347.5000     0.0529
  410.0000   350.0000     0.0526
  410.0000   352.5000     0.0512
  410.0000   355.0000     0.0511
  410.0000   357.5000     0.0514
  410.0000   360.0000     0.0480
  410.0000   362.5000     0.0492
  410.0000   365.0000     0.0472
  410.0000   367.5000     0.0471
  410.0000   370.0000     0.0473
  410.0000   372.5000     0.0430
  410.0000   375.0000     0.0414
  410.0000   377.5000     0.0382
  410.0000   380.0000     0.0357
  410.0000   382.5000     0.0339
  410.0000   385.0000     0.0323
  410.0000   387.5000     0.0317
  410.0000   390.0000     0.0261
  410.0000   392.5000     0.0265
  410.0000   395.0000     0.0251
  410.0000   397.5000     0.0237
  410.0000   400.0000     0.0232
  410.0000   402.5000     0.0189
  410.0000   405.0000     0.0158
  410.0000   412.5000     0.0107
  410.0000   415.0000     0.0158
  410.0000   417.5000     0.0174
  410.0000   420.0000     0.0200
  410.0000   422.5000     0.0223
  410.0000   425.0000     0.0252
  410.0000   427.5000     0.0274
  410.0000   430.0000     0.0296
  410.0000   432.5000     0.0313
  410.0000   435.0000     0.0337
  410.0000   437.5000     0.0356
  410.0000   440.0000     0.0386
  410.0000   442.5000     0.0404
  410.0000   445.0000     0.0424
  410.0000   447.5000     0.0445
  410.0000   450.0000     0.0477
  410.0000   452.5000     0.0500
  410.0000   455.0000     0.0505
  410.0000   457.5000     0.0535
  410.0000   460.0000     0.0564
  410.0000   462.5000     0.0545
  410.0000   465.0000     0.0554
  410.0000   467.5000     0.0587
  410.0000   470.0000     0.0628
  410.0000   472.5000     0.0646
  410.0000   475.0000     0.0677
  410.0000   475.0000     0.0677
  420.0000   315.0000     0.0682
  420.0000   317.5000     0.0673
  420.0000   320.0000     0.0677
  420.0000   322.5000     0.0667
  420.0000   325.0000     0.0660
  420.0000   327.5000     0.0652
  420.0000   330.0000     0.0655
  420.0000   332.5000     0.0650
  420.0000   335.0000     0.0624
  420.0000   337.5000     0.0613
  420.0000   340.0000     0.0574
  420.0000   342.5000     0.0576
  420.0000   345.0000     0.0565
  420.0000   347.5000     0.0556
  420.0000   350.0000     0.0553
  420.0000   352.5000     0.0539
  420.0000   355.0000     0.0540
  420.0000   357.5000     0.0547
  420.0000   360.0000     0.0521
  420.0000   362.5000     0.0533
  420.0000   365.0000     0.0513
  420.0000   367.5000     0.0513
  420.0000   370.0000     0.0518
  420.0000   372.5000     0.0476
  420.0000   375.0000     0.0466
  420.0000   377.5000     0.0434
  420.0000   380.0000     0.0409
  420.0000   382.5000     0.0393
  420.0000   385.0000     0.0383
  420.0000   387.5000     0.0381
  420.0000   390.0000     0.0332
  420.0000   392.5000     0.0342
  420.0000   395.0000     0.0328
  420.0000   397.5000     0.0314
  420.0000   400.0000     0.0308
  420.0000   402.5000     0.0266
  420.0000   405.0000     0.0235
  420.0000   407.5000     0.0211
  420.0000   410.0000     0.0200
  420.0000   412.5000     0.0172
  420.0000   415.0000     0.0152
  420.0000   417.5000     0.0112
  420.0000   422.5000     0.0109
  420.0000   425.0000     0.0160
  420.0000   427.5000     0.0183
  420.0000   430.0000     0.0205
  420.0000   432.5000     0.0221
  420.0000   435.0000     0.0246
  420.0000   437.5000     0.0265
  420.0000   440.0000     0.0295
  420.0000   442.5000     0.0313
  420.0000   445.0000     0.0333
  420.0000   447.5000     0.0354
  420.0000   450.0000     0.0387
  420.0000   452.5000     0.0410
  420.0000   455.0000     0.0415
  420.0000   457.5000     0.0450
  420.0000   460.0000     0.0490
  420.0000   462.5000     0.0494
  420.0000   465.0000     0.0502
  420.0000   467.5000     0.0535
  420.0000   470.0000     0.0577
  420.0000   472.5000     0.0595
  420.0000   475.0000     0.0634
  420.0000   475.0000     0.0634
  430.0000   315.0000     0.0723
  430.0000   317.5000     0.0715
  430.0000   320.0000     0.0721
  430.0000   322.5000     0.0711
  430.0000   325.0000     0.0704
  430.0000   327.5000     0.0696
  430.0000   330.0000     0.0700
  430.0000   332.5000     0.0694
  430.0000   335.0000     0.0668
  430.0000   337.5000     0.0658
  430.0000   340.0000     0.0619
  430.0000   342.5000     0.0622
  430.0000   345.0000     0.0611
  430.0000   347.5000     0.0602
  430.0000   350.0000     0.0599
  430.0000   352.5000     0.0585
  430.0000   355.0000     0.0586
  430.0000   357.5000     0.0593
  430.0000   360.0000     0.0577
  430.0000   362.5000     0.0590
  430.0000   365.0000     0.0571
  430.0000   367.5000     0.0571
  430.0000   370.0000     0.0578
  430.0000   372.5000     0.0536
  430.0000   375.0000     0.0526
  430.0000   377.5000     0.0494
  430.0000   380.0000     0.0469
  430.0000   382.5000     0.0453
  430.0000   385.0000     0.0443
  430.0000   387.5000     0.0441
  430.0000   390.0000     0.0392
  430.0000   392.5000     0.0402
  430.0000   395.0000     0.0404
  430.0000   397.5000     0.0402
  430.0000   400.0000     0.0405
  430.0000   402.5000     0.0362
  430.0000   405.0000     0.0331
  430.0000   407.5000     0.0308
  430.0000   410.0000     0.0296
  430.0000   412.5000     0.0269
  430.0000   415.0000     0.0250
  430.0000   417.5000     0.0223
  430.0000   420.0000     0.0205
  430.0000   422.5000     0.0194
  430.0000   425.0000     0.0175
  430.0000   427.5000     0.0121
  430.0000   432.5000     0.0121
  430.0000   435.0000     0.0171
  430.0000   437.5000     0.0197
  430.0000   440.0000     0.0227
  430.0000   442.5000     0.0247
  430.0000   445.0000     0.0267
  430.0000   447.5000     0.0288
  430.0000   450.0000     0.0321
  430.0000   452.5000     0.0344
  430.0000   455.0000     0.0349
  430.0000   457.5000     0.0383
  430.0000   460.0000     0.0424
  430.0000   462.5000     0.0447
  430.0000   465.0000     0.0458
  430.0000   467.5000     0.0492
  430.0000   470.0000     0.0536
  430.0000   472.5000     0.0563
  430.0000   475.0000     0.0605
  430.0000   475.0000     0.0605
  440.0000   312.5000     0.0760
  440.0000   315.0000     0.0749
  440.0000   317.5000     0.0742
  440.0000   320.0000     0.0747
  440.0000   322.5000     0.0739
  440.0000   325.0000     0.0733
  440.0000   327.5000     0.0727
  440.0000   330.0000     0.0733
  440.0000   332.5000     0.0728
  440.0000   335.0000     0.0704
  440.0000   337.5000     0.0696
  440.0000   340.0000     0.0664
  440.0000   342.5000     0.0667
  440.0000   345.0000     0.0656
  440.0000   347.5000     0.0647
  440.0000   350.0000     0.0644
  440.0000   352.5000     0.0634
  440.0000   355.0000     0.0637
  440.0000   357.5000     0.0645
  440.0000   360.0000     0.0631
  440.0000   362.5000     0.0644
  440.0000   365.0000     0.0627
  440.0000   367.5000     0.0627
  440.0000   370.0000     0.0637
  440.0000   372.5000     0.0598
  440.0000   375.0000     0.0588
  440.0000   377.5000     0.0555
  440.0000   380.0000     0.0531
  440.0000   382.5000     0.0516
  440.0000   385.0000     0.0506
  440.0000   387.5000     0.0504
  440.0000   390.0000     0.0454
  440.0000   392.5000     0.0465
  440.0000   395.0000     0.0466
  440.0000   397.5000     0.0465
  440.0000   400.0000     0.0475
  440.0000   402.5000     0.0452
  440.0000   405.0000     0.0421
  440.0000   407.5000     0.0398
  440.0000   410.0000     0.0386
  440.0000   412.5000     0.0359
  440.0000   415.0000     0.0340
  440.0000   417.5000     0.0313
  440.0000   420.0000     0.0295
  440.0000   422.5000     0.0286
  440.0000   425.0000     0.0266
  440.0000   427.5000     0.0255
  440.0000   430.0000     0.0227
  440.0000   432.5000     0.0192
  440.0000   435.0000     0.0169
  440.0000   437.5000     0.0112
  440.0000   445.0000     0.0168
  440.0000   447.5000     0.0192
  440.0000   450.0000     0.0224
  440.0000   452.5000     0.0247
  440.0000   455.0000     0.0252
  440.0000   457.5000     0.0287
  440.0000   460.0000     0.0328
  440.0000   462.5000     0.0361
  440.0000   465.0000     0.0384
  440.0000   467.5000     0.0418
  440.0000   470.0000     0.0462
  440.0000   472.5000     0.0490
  440.0000   475.0000     0.0539
  440.0000   475.0000     0.0539
  450.0000   312.5000     0.0768
  450.0000   315.0000     0.0757
  450.0000   317.5000     0.0750
  450.0000   320.0000     0.0755
  450.0000   322.5000     0.0747
  450.0000   325.0000     0.0741
  450.0000   327.5000     0.0735
  450.0000   330.0000     0.0741
  450.0000   332.5000     0.0736
  450.0000   335.0000     0.0713
  450.0000   337.5000     0.0704
  450.0000   340.0000     0.0681
  450.0000   342.5000     0.0684
  450.0000   345.0000     0.0672
  450.0000   347.5000     0.0664
  450.0000   350.0000     0.0661
  450.0000   352.5000     0.0651
  450.0000   355.0000     0.0654
  450.0000   357.5000     0.0662
  450.0000   360.0000     0.0656
  450.0000   362.5000     0.0670
  450.0000   365.0000     0.0655
  450.0000   367.5000     0.0659
  450.0000   370.0000     0.0670
  450.0000   372.5000     0.0645
  450.0000   375.0000     0.0635
  450.0000   377.5000     0.0603
  450.0000   380.0000     0.0578
  450.0000   382.5000     0.0563
  450.0000   385.0000     0.0553
  450.0000   387.5000     0.0552
  450.0000   390.0000     0.0503
  450.0000   392.5000     0.0513
  450.0000   395.0000     0.0516
  450.0000   397.5000     0.0515
  450.0000   400.0000     0.0525
  450.0000   402.5000     0.0527
  450.0000   405.0000     0.0512
  450.0000   407.5000     0.0489
  450.0000   410.0000     0.0477
  450.0000   412.5000     0.0450
  450.0000   415.0000     0.0431
  450.0000   417.5000     0.0404
  450.0000   420.0000     0.0387
  450.0000   422.5000     0.0377
  450.0000   425.0000     0.0357
  450.0000   427.5000     0.0346
  450.0000   430.0000     0.0321
  450.0000   432.5000     0.0285
  450.0000   435.0000     0.0263
  450.0000   437.5000     0.0235
  450.0000   440.0000     0.0224
  450.0000   442.5000     0.0188
  450.0000   445.0000     0.0150
  450.0000   447.5000     0.0107
  450.0000   452.5000     0.0106
  450.0000   455.0000     0.0125
  450.0000   457.5000     0.0160
  450.0000   460.0000     0.0201
  450.0000   462.5000     0.0235
  450.0000   465.0000     0.0264
  450.0000   467.5000     0.0302
  450.0000   470.0000     0.0351
  450.0000   472.5000     0.0380
  450.0000   475.0000     0.0432
  450.0000   475.0000     0.0432
  460.0000   335.0000     0.0713
  460.0000   337.5000     0.0704
  460.0000   340.0000     0.0681
  460.0000   342.5000     0.0684
  460.0000   345.0000     0.0673
  460.0000   347.5000     0.0664
  460.0000   350.0000     0.0661
  460.0000   352.5000     0.0651
  460.0000   355.0000     0.0654
  460.0000   357.5000     0.0662
  460.0000   360.0000     0.0656
  460.0000   362.5000     0.0671
  460.0000   365.0000     0.0656
  460.0000   367.5000     0.0660
  460.0000   370.0000     0.0671
  460.0000   372.5000     0.0657
  460.0000   375.0000     0.0663
  460.0000   377.5000     0.0643
  460.0000   380.0000     0.0623
  460.0000   382.5000     0.0613
  460.0000   385.0000     0.0604
  460.0000   387.5000     0.0603
  460.0000   390.0000     0.0554
  460.0000   392.5000     0.0564
  460.0000   395.0000     0.0567
  460.0000   397.5000     0.0565
  460.0000   400.0000     0.0576
  460.0000   402.5000     0.0578
  460.0000   405.0000     0.0585
  460.0000   407.5000     0.0571
  460.0000   410.0000     0.0564
  460.0000   412.5000     0.0550
  460.0000   415.0000     0.0535
  460.0000   417.5000     0.0508
  460.0000   420.0000     0.0490
  460.0000   422.5000     0.0480
  460.0000   425.0000     0.0461
  460.0000   427.5000     0.0450
  460.0000   430.0000     0.0424
  460.0000   432.5000     0.0389
  460.0000   435.0000     0.0366
  460.0000   437.5000     0.0339
  460.0000   440.0000     0.0328
  460.0000   442.5000     0.0291
  460.0000   445.0000     0.0255
  460.0000   447.5000     0.0230
  460.0000   450.0000     0.0201
  460.0000   452.5000     0.0176
  460.0000   455.0000     0.0137
  460.0000   457.5000     0.0107
  460.0000   462.5000     0.0108
  460.0000   465.0000     0.0153
  460.0000   467.5000     0.0197
  460.0000   470.0000     0.0246
  460.0000   472.5000     0.0280
  460.0000   475.0000     0.0332
  460.0000   475.0000     0.0332
  470.0000   322.5000     0.0763
  470.0000   325.0000     0.0757
  470.0000   327.5000     0.0751
  470.0000   330.0000     0.0757
  470.0000   332.5000     0.0751
  470.0000   335.0000     0.0728
  470.0000   337.5000     0.0720
  470.0000   340.0000     0.0697
  470.0000   342.5000     0.0700
  470.0000   345.0000     0.0688
  470.0000   347.5000     0.0680
  470.0000   350.0000     0.0677
  470.0000   352.5000     0.0667
  470.0000   355.0000     0.0670
  470.0000   357.5000     0.0678
  470.0000   360.0000     0.0672
  470.0000   362.5000     0.0687
  470.0000   365.0000     0.0672
  470.0000   367.5000     0.0676
  470.0000   370.0000     0.0687
  470.0000   372.5000     0.0673
  470.0000   375.0000     0.0679
  470.0000   377.5000     0.0659
  470.0000   380.0000     0.0639
  470.0000   382.5000     0.0629
  470.0000   385.0000     0.0626
  470.0000   387.5000     0.0643
  470.0000   390.0000     0.0618
  470.0000   392.5000     0.0628
  470.0000   395.0000     0.0631
  470.0000   397.5000     0.0629
  470.0000   402.5000     0.0642
  470.0000   405.0000     0.0649
  470.0000   407.5000     0.0635
  470.0000   410.0000     0.0628
  470.0000   412.5000     0.0614
  470.0000   415.0000     0.0611
  470.0000   417.5000     0.0590
  470.0000   420.0000     0.0577
  470.0000   422.5000     0.0572
  470.0000   425.0000     0.0569
  470.0000   427.5000     0.0559
  470.0000   430.0000     0.0536
  470.0000   432.5000     0.0509
  470.0000   435.0000     0.0488
  470.0000   437.5000     0.0468
  470.0000   440.0000     0.0462
  470.0000   442.5000     0.0436
  470.0000   445.0000     0.0404
  470.0000   447.5000     0.0379
  470.0000   450.0000     0.0351
  470.0000   452.5000     0.0325
  470.0000   455.0000     0.0290
  470.0000   457.5000     0.0273
  470.0000   460.0000     0.0246
  470.0000   462.5000     0.0203
  470.0000   465.0000     0.0171
  470.0000   467.5000     0.0131
  470.0000   472.5000     0.0138
  470.0000   475.0000     0.0223
  470.0000   475.0000     0.0223
  475.0000   327.5000     0.0747
  475.0000   330.0000     0.0752
  475.0000   332.5000     0.0747
  475.0000   335.0000     0.0724
  475.0000   337.5000     0.0716
  475.0000   340.0000     0.0693
  475.0000   342.5000     0.0696
  475.0000   345.0000     0.0684
  475.0000   347.5000     0.0676
  475.0000   350.0000     0.0672
  475.0000   352.5000     0.0663
  475.0000   355.0000     0.0665
  475.0000   357.5000     0.0674
  475.0000   360.0000     0.0668
  475.0000   362.5000     0.0683
  475.0000   365.0000     0.0668
  475.0000   367.5000     0.0672
  475.0000   370.0000     0.0683
  475.0000   372.5000     0.0669
  475.0000   375.0000     0.0675
  475.0000   377.5000     0.0655
  475.0000   380.0000     0.0635
  475.0000   382.5000     0.0625
  475.0000   385.0000     0.0622
  475.0000   387.5000     0.0639
  475.0000   390.0000     0.0614
  475.0000   392.5000     0.0636
  475.0000   397.5000     0.0661
  475.0000   402.5000     0.0678
  475.0000   405.0000     0.0687
  475.0000   407.5000     0.0678
  475.0000   410.0000     0.0677
  475.0000   412.5000     0.0665
  475.0000   415.0000     0.0664
  475.0000   417.5000     0.0647
  475.0000   420.0000     0.0634
  475.0000   422.5000     0.0629
  475.0000   425.0000     0.0628
  475.0000   427.5000     0.0624
  475.0000   430.0000     0.0605
  475.0000   432.5000     0.0584
  475.0000   435.0000     0.0565
  475.0000   437.5000     0.0545
  475.0000   440.0000     0.0539
  475.0000   442.5000     0.0516
  475.0000   445.0000     0.0485
  475.0000   447.5000     0.0461
  475.0000   450.0000     0.0432
  475.0000   452.5000     0.0407
  475.0000   455.0000     0.0374
  475.0000   457.5000     0.0358
  475.0000   460.0000     0.0332
  475.0000   462.5000     0.0290
  475.0000   465.0000     0.0258
  475.0000   467.5000     0.0247
  475.0000   470.0000     0.0223
  475.0000   472.5000     0.0153
  475.0000   472.5000     0.0153
