0.00 169.17 0.00
2.50 169.25 2.50
5.00 169.41 5.00
7.50 169.56 7.50
10.00 169.62 10.00
12.50 169.79 12.50
15.00 169.94 15.00
17.50 170.04 17.50
20.00 170.11 20.00
22.50 170.18 22.50
25.00 170.30 25.00
27.50 170.33 27.50
30.00 170.34 30.00
32.50 170.31 32.50
35.00 170.24 35.00
37.50 170.11 37.50
40.00 169.94 40.00
42.50 169.59 42.50
45.00 169.26 45.00
47.50 168.92 47.50
50.00 168.59 50.00
52.50 168.18 52.50
55.00 167.79 55.00
57.50 167.58 57.50
60.00 167.43 60.00
62.50 166.86 62.50
65.00 166.26 65.00
67.50 165.56 67.50
70.00 164.92 70.00
72.50 164.34 72.50
75.00 163.63 75.00
77.50 163.01 77.50
80.00 162.19 80.00
82.50 161.27 82.50
85.00 160.40 85.00
87.50 159.49 87.50
90.00 158.98 90.00
92.50 158.92 92.50
95.00 158.65 95.00
97.50 159.40 97.50
100.00 159.55 100.00
102.50 159.79 102.50
105.00 160.24 105.00
107.50 160.81 107.50
110.00 161.56 110.00
112.50 162.26 112.50
115.00 162.65 115.00
117.50 163.13 117.50
120.00 163.71 120.00
122.50 164.05 122.50
125.00 164.23 125.00
127.50 164.67 127.50
130.00 165.19 130.00
132.50 165.45 132.50
135.00 165.41 135.00
137.50 165.45 137.50
140.00 165.55 140.00
142.50 165.60 142.50
145.00 165.62 145.00
147.50 165.67 147.50
150.00 165.74 150.00
152.50 165.81 152.50
155.00 166.00 155.00
157.50 166.23 157.50
160.00 166.31 160.00
162.50 166.52 162.50
165.00 166.71 165.00
167.50 166.73 167.50
170.00 166.94 170.00
172.50 167.01 172.50
175.00 167.19 175.00
177.50 167.39 177.50
180.00 167.52 180.00
182.50 167.69 182.50
185.00 167.75 185.00
187.50 167.97 187.50
190.00 168.14 190.00
192.50 168.31 192.50
195.00 168.55 195.00
197.50 168.58 197.50
200.00 168.59 200.00
202.50 168.54 202.50
205.00 168.48 205.00
207.50 168.34 207.50
210.00 168.15 210.00
212.50 167.89 212.50
215.00 167.60 215.00
217.50 167.02 217.50
220.00 165.97 220.00
222.50 165.54 222.50
225.00 165.31 225.00
227.50 164.81 227.50
230.00 164.00 230.00
232.50 162.98 232.50
235.00 162.01 235.00
237.50 160.98 237.50
240.00 160.18 240.00
242.50 159.22 242.50
245.00 158.37 245.00
247.50 157.15 247.50
250.00 155.79 250.00
252.50 154.43 252.50
255.00 153.33 255.00
257.50 152.32 257.50
260.00 151.87 260.00
262.50 151.56 262.50
265.00 150.98 265.00
267.50 149.26 267.50
270.00 150.70 270.00
272.50 151.21 272.50
275.00 151.47 275.00
277.50 151.81 277.50
280.00 152.28 280.00
282.50 152.71 282.50
285.00 153.10 285.00
287.50 153.50 287.50
290.00 153.75 290.00
292.50 154.21 292.50
295.00 154.85 295.00
297.50 155.41 297.50
300.00 155.90 300.00
302.50 156.38 302.50
305.00 156.71 305.00
307.50 156.97 307.50
310.00 157.17 310.00
312.50 157.35 312.50
315.00 157.42 315.00
317.50 157.51 317.50
320.00 157.63 320.00
322.50 157.81 322.50
325.00 158.05 325.00
327.50 158.01 327.50
330.00 157.93 330.00
332.50 157.93 332.50
335.00 157.89 335.00
337.50 157.67 337.50
340.00 157.76 340.00
342.50 157.73 342.50
345.00 157.66 345.00
347.50 157.72 347.50
350.00 158.06 350.00
352.50 158.23 352.50
355.00 158.43 355.00
357.50 158.53 357.50
360.00 158.64 360.00
362.50 158.74 362.50
365.00 158.96 365.00
367.50 159.12 367.50
370.00 159.32 370.00
372.50 159.46 372.50
375.00 159.68 375.00
377.50 159.90 377.50
380.00 159.82 380.00
382.50 159.99 382.50
385.00 160.69 385.00
387.50 161.14 387.50
390.00 161.51 390.00
392.50 161.85 392.50
395.00 162.19 395.00
397.50 162.51 397.50
400.00 162.80 400.00
402.50 163.03 402.50
405.00 163.21 405.00
407.50 163.37 407.50
410.00 163.49 410.00
412.50 163.63 412.50
415.00 163.62 415.00
417.50 163.58 417.50
420.00 163.49 420.00
422.50 163.48 422.50
425.00 163.47 425.00
427.50 163.45 427.50
430.00 163.32 430.00
432.50 163.14 432.50
435.00 162.89 435.00
437.50 162.59 437.50
440.00 162.42 440.00
442.50 162.14 442.50
445.00 161.82 445.00
447.50 161.57 447.50
450.00 161.26 450.00
452.50 161.00 452.50
455.00 160.74 455.00
457.50 160.44 457.50
460.00 160.08 460.00
462.50 159.77 462.50
465.00 159.46 465.00
467.50 159.02 467.50
470.00 158.58 470.00
472.50 158.22 472.50
475.00 157.76 475.00
