   0.00000    1.00000    0.00250
   0.00000    2.00000    0.00440
   0.00000    2.50000    0.00947
   0.00000    5.00000    0.01418
   0.00000    7.50000    0.01529
   0.00000   10.00000    0.01917
   0.00000   12.50000    0.02305
   0.00000   15.00000    0.02471
   0.00000   17.50000    0.02637
   0.00000   20.00000    0.02748
   0.00000   22.50000    0.02748
   0.00000   25.00000    0.02887
   0.00000   27.50000    0.02942
   0.00000   30.00000    0.02887
   0.00000   32.50000    0.03191
   0.00000   35.00000    0.03607
   0.00000   37.50000    0.03773
   0.00000   40.00000    0.04217
   0.00000   42.50000    0.04466
   0.00000   45.00000    0.04604
   0.00000   47.50000    0.05048
   0.00000   50.00000    0.04909
   0.00000   52.50000    0.04660
   0.00000   55.00000    0.04632
   0.00000   57.50000    0.04577
   0.00000   60.00000    0.04632
   0.00000   62.50000    0.04549
   0.00000   65.00000    0.04937
   0.00000   67.50000    0.04854
   0.00000   70.00000    0.04466
   0.00000   72.50000    0.04604
   0.00000   75.00000    0.04660
   0.00000   77.50000    0.04688
   0.00000   80.00000    0.04965
   0.00000   82.50000    0.04965
   0.00000   85.00000    0.04937
   0.00000   87.50000    0.04826
   0.00000   90.00000    0.05103
   0.00000   92.50000    0.04992
   0.00000   95.00000    0.05159
   0.00000  100.00000    0.05269
   0.00000  102.50000    0.05159
   0.00000  105.00000    0.05214
   0.00000  107.50000    0.05269
   0.00000  110.00000    0.05159
   0.00000  115.00000    0.05990
   0.00000  117.50000    0.06073
   0.00000  120.00000    0.06544
   0.00000  122.50000    0.06322
   0.00000  125.00000    0.06683
   0.00000  127.50000    0.06849
   0.00000  130.00000    0.07403
   0.00000  132.50000    0.07264
   0.00000  135.00000    0.06960
   0.00000  137.50000    0.06793
   0.00000  140.00000    0.06710
   0.00000  142.50000    0.06849
   0.00000  145.00000    0.06683
   0.00000  147.50000    0.06655
   0.00000  150.00000    0.06572
   0.00000  155.00000    0.06877
   0.00000  157.50000    0.06793
   0.00000  160.00000    0.06932
   0.00000  162.50000    0.07209
   0.00000  165.00000    0.07237
   0.00000  167.50000    0.07348
   0.00000  170.00000    0.07181
   0.00000  172.50000    0.07320
   0.00000  175.00000    0.07320
   0.00000  177.50000    0.07126
   0.00000  180.00000    0.07348
   0.00000  182.50000    0.07597
   0.00000  185.00000    0.08040
   0.00000  187.50000    0.08068
   0.00000  190.00000    0.07902
   0.00000  192.50000    0.08123
   0.00000  200.00000    0.07947
   0.00000  207.50000    0.08307
   0.00000  215.00000    0.08556
   0.00000  217.50000    0.08889
   0.00000  220.00000    0.09110
   0.00000  222.50000    0.09138
   0.00000  225.00000    0.08307
   0.00000  227.50000    0.08307
   0.00000  232.50000    0.08722
   0.00000  235.00000    0.08445
  10.00000    0.00000    0.01856
  10.00000    2.50000    0.01587
  10.00000    5.00000    0.01345
  10.00000   12.50000    0.00942
  10.00000   15.00000    0.01211
  10.00000   17.50000    0.01587
  10.00000   20.00000    0.01829
  10.00000   22.50000    0.02045
  10.00000   25.00000    0.02206
  10.00000   27.50000    0.02340
  10.00000   30.00000    0.02421
  10.00000   32.50000    0.02905
  10.00000   37.50000    0.03309
  10.00000   40.00000    0.03712
  10.00000   42.50000    0.03955
  10.00000   45.00000    0.04170
  10.00000   47.50000    0.04412
  10.00000   50.00000    0.04815
  10.00000   52.50000    0.04923
  10.00000   55.00000    0.04627
  10.00000   57.50000    0.04331
  10.00000   60.00000    0.04331
  10.00000   62.50000    0.04412
  10.00000   65.00000    0.04466
  10.00000   67.50000    0.04358
  10.00000   70.00000    0.04385
  10.00000   72.50000    0.04304
  10.00000   75.00000    0.04573
  10.00000   77.50000    0.04493
  10.00000   80.00000    0.04573
  10.00000   82.50000    0.04788
  10.00000   85.00000    0.04600
  10.00000   87.50000    0.04896
  10.00000   90.00000    0.04681
  10.00000   92.50000    0.04573
  10.00000   95.00000    0.04842
  10.00000  100.00000    0.04977
  10.00000  110.00000    0.05004
  10.00000  120.00000    0.05649
  10.00000  122.50000    0.06187
  10.00000  125.00000    0.06160
  10.00000  127.50000    0.06322
  10.00000  130.00000    0.06241
  10.00000  132.50000    0.06187
  10.00000  135.00000    0.06672
  10.00000  137.50000    0.06779
  10.00000  140.00000    0.06887
  10.00000  142.50000    0.06618
  10.00000  145.00000    0.06887
  20.00000    0.00000    0.02771
  20.00000    2.50000    0.02717
  20.00000    5.00000    0.02529
  20.00000   10.00000    0.01856
  20.00000   12.50000    0.01695
  20.00000   15.00000    0.01372
  20.00000   17.50000    0.00753
  20.00000   22.50000    0.00673
  20.00000   25.00000    0.01211
  20.00000   27.50000    0.01480
  20.00000   30.00000    0.01695
  20.00000   32.50000    0.02045
  20.00000   35.00000    0.02421
  20.00000   37.50000    0.02583
  20.00000   40.00000    0.03040
  20.00000   42.50000    0.03390
  20.00000   45.00000    0.03739
  20.00000   47.50000    0.04035
  20.00000   50.00000    0.04358
  20.00000   52.50000    0.04358
  20.00000   55.00000    0.04412
  20.00000   57.50000    0.04358
  20.00000   60.00000    0.04412
  20.00000   62.50000    0.04546
  20.00000   65.00000    0.04439
  20.00000   67.50000    0.04493
  20.00000   70.00000    0.04277
  20.00000   72.50000    0.04277
  20.00000   75.00000    0.04385
  20.00000   77.50000    0.04493
  20.00000   80.00000    0.04466
  20.00000   82.50000    0.04708
  20.00000   85.00000    0.04735
  20.00000   87.50000    0.04600
  20.00000   90.00000    0.04735
  20.00000   92.50000    0.04654
  20.00000   95.00000    0.04735
  20.00000  100.00000    0.05138
  20.00000  102.50000    0.04923
  20.00000  105.00000    0.04977
  20.00000  107.50000    0.05004
  20.00000  110.00000    0.05165
  30.00000    0.00000    0.02870
  30.00000    2.50000    0.02983
  30.00000    5.00000    0.03077
  30.00000    7.50000    0.02908
  30.00000   10.00000    0.02475
  30.00000   20.00000    0.01485
  30.00000   22.50000    0.01228
  30.00000   25.00000    0.00968
  30.00000   27.50000    0.00760
  30.00000   30.00000    0.00877
  30.00000   35.00000    0.01269
  30.00000   37.50000    0.01552
  30.00000   40.00000    0.02192
  30.00000   42.50000    0.02569
  30.00000   45.00000    0.03021
  30.00000   47.50000    0.03416
  30.00000   50.00000    0.03755
  30.00000   52.50000    0.03981
  30.00000   55.00000    0.04056
  40.00000    0.00000    0.04250
  40.00000    2.50000    0.04331
  40.00000    5.00000    0.04439
  40.00000    7.50000    0.04197
  40.00000   10.00000    0.03820
  40.00000   12.50000    0.03874
  40.00000   15.00000    0.03470
  40.00000   17.50000    0.03390
  40.00000   20.00000    0.03067
  40.00000   22.50000    0.02502
  40.00000   25.00000    0.02421
  40.00000   27.50000    0.02233
  40.00000   30.00000    0.02179
  40.00000   32.50000    0.01722
  40.00000   35.00000    0.01345
  40.00000   37.50000    0.00780
  40.00000   42.50000    0.01103
  40.00000   45.00000    0.01991
  40.00000   47.50000    0.02233
  40.00000   50.00000    0.02636
  40.00000   52.50000    0.02771
  40.00000   55.00000    0.03390
  40.00000   57.50000    0.03766
  40.00000   60.00000    0.04439
  40.00000   65.00000    0.04304
  40.00000   67.50000    0.04277
  40.00000   70.00000    0.04250
  40.00000   72.50000    0.04546
  40.00000   75.00000    0.04412
  40.00000   77.50000    0.04493
  40.00000   80.00000    0.04708
  40.00000   82.50000    0.04842
  40.00000   85.00000    0.04708
  40.00000   87.50000    0.04735
  40.00000   90.00000    0.04735
  40.00000   92.50000    0.04977
  40.00000   95.00000    0.05058
  40.00000   97.50000    0.05838
  40.00000  100.00000    0.05192
  40.00000  102.50000    0.05246
  40.00000  105.00000    0.05407
  40.00000  107.50000    0.05542
  50.00000    0.00000    0.05327
  50.00000    2.50000    0.05407
  50.00000    5.00000    0.05219
  50.00000    7.50000    0.05407
  50.00000   10.00000    0.04950
  50.00000   12.50000    0.04869
  50.00000   15.00000    0.04627
  50.00000   17.50000    0.04466
  50.00000   20.00000    0.04250
  50.00000   22.50000    0.03901
  50.00000   25.00000    0.03847
  50.00000   27.50000    0.03686
  50.00000   30.00000    0.03793
  50.00000   32.50000    0.03390
  50.00000   35.00000    0.03390
  50.00000   37.50000    0.03094
  50.00000   40.00000    0.02717
  50.00000   42.50000    0.02287
  50.00000   45.00000    0.01560
  50.00000   47.50000    0.00995
  50.00000   50.00000    0.00430
  50.00000   52.50000    0.00888
  50.00000   55.00000    0.01318
  50.00000   57.50000    0.01910
  50.00000   60.00000    0.02367
  50.00000   62.50000    0.02771
  50.00000   65.00000    0.03228
  50.00000   67.50000    0.03578
  50.00000   70.00000    0.03363
  50.00000   72.50000    0.03336
  50.00000   75.00000    0.03551
  50.00000   77.50000    0.03578
  50.00000   80.00000    0.03766
  50.00000   82.50000    0.03955
  50.00000   85.00000    0.04062
  50.00000   87.50000    0.03955
  50.00000   90.00000    0.04143
  50.00000   92.50000    0.04089
  50.00000   95.00000    0.04331
  50.00000  100.00000    0.04708
  50.00000  102.50000    0.04708
  50.00000  105.00000    0.04762
  50.00000  107.50000    0.05192
  50.00000  110.00000    0.05084
  50.00000  112.50000    0.05111
  50.00000  115.00000    0.05515
  50.00000  117.50000    0.05972
  60.00000   10.00000    0.04842
  60.00000   12.50000    0.05031
  60.00000   15.00000    0.04762
  60.00000   17.50000    0.04735
  60.00000   20.00000    0.04412
  60.00000   22.50000    0.04519
  60.00000   25.00000    0.04250
  60.00000   27.50000    0.04385
  60.00000   30.00000    0.04735
  60.00000   32.50000    0.04385
  60.00000   35.00000    0.04654
  60.00000   37.50000    0.04250
  60.00000   40.00000    0.04062
  60.00000   42.50000    0.03901
  60.00000   45.00000    0.03390
  60.00000   47.50000    0.03067
  60.00000   50.00000    0.02502
  60.00000   52.50000    0.01991
  60.00000   55.00000    0.01614
  60.00000   57.50000    0.01318
  60.00000   62.50000    0.01345
  60.00000   65.00000    0.02018
  60.00000   67.50000    0.02206
  60.00000   70.00000    0.02287
  60.00000   72.50000    0.02502
  60.00000   75.00000    0.02636
  60.00000   77.50000    0.02905
  60.00000   80.00000    0.03121
  60.00000   82.50000    0.03390
  60.00000   85.00000    0.03309
  60.00000   87.50000    0.03605
  60.00000   90.00000    0.03551
  60.00000   92.50000    0.03632
  60.00000   95.00000    0.03793
  60.00000  100.00000    0.04143
  60.00000  102.50000    0.04089
  60.00000  105.00000    0.04224
  60.00000  107.50000    0.04304
  60.00000  110.00000    0.04439
  60.00000  115.00000    0.04735
  60.00000  117.50000    0.04896
  60.00000  120.00000    0.05380
  60.00000  122.50000    0.05327
  60.00000  125.00000    0.05488
  60.00000  127.50000    0.05703
  60.00000  130.00000    0.05999
  60.00000  132.50000    0.05784
  70.00000    0.00000    0.04519
  70.00000    2.50000    0.04869
  70.00000    5.00000    0.04627
  70.00000   10.00000    0.04439
  70.00000   12.50000    0.04815
  70.00000   15.00000    0.04654
  70.00000   17.50000    0.04654
  70.00000   20.00000    0.04331
  70.00000   22.50000    0.04008
  70.00000   25.00000    0.04008
  70.00000   27.50000    0.03955
  70.00000   32.50000    0.04170
  70.00000   35.00000    0.04143
  70.00000   37.50000    0.04143
  70.00000   40.00000    0.04224
  70.00000   42.50000    0.04035
  70.00000   45.00000    0.03793
  70.00000   47.50000    0.03632
  70.00000   50.00000    0.03390
  70.00000   52.50000    0.02905
  70.00000   55.00000    0.02609
  70.00000   57.50000    0.02260
  70.00000   60.00000    0.02071
  70.00000   62.50000    0.01964
  70.00000   65.00000    0.01506
  70.00000   67.50000    0.01211
  70.00000   72.50000    0.00968
  70.00000   75.00000    0.01560
  70.00000   77.50000    0.01749
  70.00000   80.00000    0.02125
  70.00000   82.50000    0.02475
  70.00000   85.00000    0.02502
  70.00000   87.50000    0.02609
  70.00000   90.00000    0.02771
  70.00000   92.50000    0.02878
  70.00000   95.00000    0.02986
  70.00000   97.50000    0.03282
  70.00000  100.00000    0.03417
  70.00000  102.50000    0.03336
  70.00000  105.00000    0.03443
  70.00000  107.50000    0.03443
  70.00000  110.00000    0.03686
  70.00000  112.50000    0.03955
  70.00000  115.00000    0.04170
  70.00000  117.50000    0.04331
  70.00000  120.00000    0.04493
  70.00000  122.50000    0.04654
  70.00000  125.00000    0.04842
  70.00000  127.50000    0.04923
  70.00000  130.00000    0.05192
  70.00000  132.50000    0.05111
  70.00000  135.00000    0.05488
  80.00000    0.00000    0.04950
  80.00000    2.50000    0.04842
  80.00000    5.00000    0.04896
  80.00000   10.00000    0.04573
  80.00000   12.50000    0.04654
  80.00000   15.00000    0.04654
  80.00000   17.50000    0.04708
  80.00000   20.00000    0.04519
  80.00000   22.50000    0.04600
  80.00000   25.00000    0.04493
  80.00000   27.50000    0.04466
  80.00000   30.00000    0.04546
  80.00000   32.50000    0.04546
  80.00000   35.00000    0.04627
  80.00000   37.50000    0.04493
  80.00000   40.00000    0.04654
  80.00000   42.50000    0.04466
  80.00000   45.00000    0.04224
  80.00000   47.50000    0.04304
  80.00000   50.00000    0.04035
  80.00000   52.50000    0.03551
  80.00000   55.00000    0.03255
  80.00000   57.50000    0.02986
  80.00000   60.00000    0.02905
  80.00000   62.50000    0.02663
  80.00000   65.00000    0.02609
  80.00000   67.50000    0.02233
  80.00000   70.00000    0.02018
  80.00000   72.50000    0.01722
  80.00000   75.00000    0.01399
  80.00000   85.00000    0.01776
  80.00000   87.50000    0.02314
  80.00000   90.00000    0.02394
  80.00000   92.50000    0.02556
  80.00000   95.00000    0.02986
  80.00000  100.00000    0.03255
  80.00000  102.50000    0.03363
  80.00000  105.00000    0.03363
  80.00000  107.50000    0.03470
  80.00000  110.00000    0.03524
  80.00000  112.50000    0.03928
  80.00000  115.00000    0.04089
  80.00000  117.50000    0.04358
  80.00000  120.00000    0.04466
  80.00000  122.50000    0.04546
  80.00000  125.00000    0.04762
  80.00000  127.50000    0.04896
  80.00000  130.00000    0.05192
  80.00000  132.50000    0.05111
  80.00000  135.00000    0.05084
  80.00000  137.50000    0.05138
  80.00000  140.00000    0.05031
  80.00000  142.50000    0.05031
  80.00000  145.00000    0.05138
  80.00000  150.00000    0.05300
  80.00000  152.50000    0.05219
  80.00000  155.00000    0.05111
  80.00000  157.50000    0.05004
  80.00000  160.00000    0.05353
  80.00000  162.50000    0.05488
  80.00000  165.00000    0.05461
  80.00000  167.50000    0.05515
  80.00000  170.00000    0.05649
  80.00000  172.50000    0.05676
  80.00000  175.00000    0.05784
  80.00000  177.50000    0.05757
  80.00000  180.00000    0.06026
  80.00000  182.50000    0.06322
  80.00000  185.00000    0.06080
  80.00000  187.50000    0.06107
  90.00000    0.00000    0.05004
  90.00000    2.50000    0.05031
  90.00000    5.00000    0.04977
  90.00000   10.00000    0.04708
  90.00000   12.50000    0.05004
  90.00000   15.00000    0.04950
  90.00000   17.50000    0.04762
  90.00000   20.00000    0.04735
  90.00000   22.50000    0.04439
  90.00000   25.00000    0.04412
  90.00000   27.50000    0.04546
  90.00000   30.00000    0.04519
  90.00000   32.50000    0.04519
  90.00000   35.00000    0.04654
  90.00000   37.50000    0.04708
  90.00000   40.00000    0.04815
  90.00000   42.50000    0.04546
  90.00000   45.00000    0.04600
  90.00000   47.50000    0.04654
  90.00000   50.00000    0.04277
  90.00000   52.50000    0.04008
  90.00000   55.00000    0.03874
  90.00000   57.50000    0.03632
  90.00000   60.00000    0.03659
  90.00000   62.50000    0.03578
  90.00000   65.00000    0.03228
  90.00000   67.50000    0.03147
  90.00000   70.00000    0.02959
  90.00000   72.50000    0.02744
  90.00000   75.00000    0.02663
  90.00000   77.50000    0.02394
  90.00000   80.00000    0.02502
  90.00000   82.50000    0.02260
  90.00000   92.50000    0.01399
  90.00000   95.00000    0.01533
  90.00000   97.50000    0.02206
  90.00000  100.00000    0.02583
  90.00000  102.50000    0.02636
  90.00000  105.00000    0.02717
  90.00000  107.50000    0.02663
  90.00000  110.00000    0.02878
  90.00000  112.50000    0.02986
  90.00000  115.00000    0.03174
  90.00000  117.50000    0.03551
  90.00000  120.00000    0.03632
  90.00000  122.50000    0.03820
  90.00000  125.00000    0.04062
  90.00000  127.50000    0.04197
  90.00000  132.50000    0.04735
  90.00000  135.00000    0.04681
  90.00000  137.50000    0.04762
  90.00000  140.00000    0.04681
  90.00000  142.50000    0.04762
  90.00000  145.00000    0.04708
  90.00000  147.50000    0.04546
  90.00000  150.00000    0.04466
  90.00000  152.50000    0.04546
  90.00000  155.00000    0.04519
  90.00000  157.50000    0.04546
  90.00000  160.00000    0.04654
  90.00000  162.50000    0.04762
  90.00000  165.00000    0.04762
  90.00000  167.50000    0.04788
  90.00000  170.00000    0.04735
  90.00000  172.50000    0.04842
  90.00000  175.00000    0.04977
  90.00000  177.50000    0.04977
  90.00000  180.00000    0.05004
 100.00000   45.00000    0.04896
 100.00000   47.50000    0.04788
 100.00000   50.00000    0.04788
 100.00000   52.50000    0.04439
 100.00000   55.00000    0.04197
 100.00000   57.50000    0.04035
 100.00000   60.00000    0.04170
 100.00000   62.50000    0.04197
 100.00000   65.00000    0.04035
 100.00000   67.50000    0.03739
 100.00000   70.00000    0.03443
 100.00000   72.50000    0.03390
 100.00000   75.00000    0.03443
 100.00000   77.50000    0.03201
 100.00000   80.00000    0.03201
 100.00000   82.50000    0.03174
 100.00000   85.00000    0.02771
 100.00000   87.50000    0.02529
 100.00000   90.00000    0.02529
 100.00000   92.50000    0.01991
 100.00000   95.00000    0.01614
 100.00000  102.50000    0.01399
 100.00000  105.00000    0.01480
 100.00000  107.50000    0.01829
 100.00000  110.00000    0.02018
 100.00000  112.50000    0.02206
 100.00000  115.00000    0.02502
 100.00000  117.50000    0.02852
 100.00000  120.00000    0.03013
 100.00000  122.50000    0.03094
 100.00000  125.00000    0.03497
 100.00000  127.50000    0.03712
 100.00000  130.00000    0.03901
 100.00000  132.50000    0.03901
 100.00000  135.00000    0.04062
 100.00000  137.50000    0.04224
 100.00000  140.00000    0.04170
 100.00000  142.50000    0.04250
 100.00000  145.00000    0.04304
 100.00000  147.50000    0.04089
 100.00000  150.00000    0.04089
 100.00000  152.50000    0.04250
 100.00000  155.00000    0.03981
 100.00000  157.50000    0.04008
 100.00000  160.00000    0.04197
 100.00000  162.50000    0.04466
 100.00000  165.00000    0.04546
 100.00000  167.50000    0.04627
 100.00000  170.00000    0.04762
 100.00000  172.50000    0.04896
 100.00000  175.00000    0.04977
 100.00000  177.50000    0.05084
 100.00000  180.00000    0.05219
 100.00000  182.50000    0.05353
 100.00000  185.00000    0.05515
 100.00000  187.50000    0.05596
 100.00000  190.00000    0.05784
 100.00000  192.50000    0.05945
 110.00000   10.00000    0.05111
 110.00000   12.50000    0.05434
 110.00000   15.00000    0.05434
 110.00000   17.50000    0.05273
 110.00000   20.00000    0.05138
 110.00000   22.50000    0.05058
 110.00000   25.00000    0.04977
 110.00000   27.50000    0.05004
 110.00000   30.00000    0.04842
 110.00000   32.50000    0.04923
 110.00000   35.00000    0.04842
 110.00000   37.50000    0.05111
 110.00000   40.00000    0.04842
 110.00000   42.50000    0.05111
 110.00000   45.00000    0.05004
 110.00000   50.00000    0.04788
 110.00000   52.50000    0.04519
 110.00000   55.00000    0.04493
 110.00000   57.50000    0.04358
 110.00000   60.00000    0.04466
 110.00000   62.50000    0.04412
 110.00000   65.00000    0.04331
 110.00000   67.50000    0.04143
 110.00000   70.00000    0.03712
 110.00000   72.50000    0.03686
 110.00000   75.00000    0.03686
 110.00000   77.50000    0.03470
 110.00000   80.00000    0.03443
 110.00000   82.50000    0.03417
 110.00000   85.00000    0.03174
 110.00000   87.50000    0.02878
 110.00000   90.00000    0.02771
 110.00000   92.50000    0.02475
 110.00000   95.00000    0.02556
 110.00000   97.50000    0.02179
 110.00000  100.00000    0.02098
 110.00000  102.50000    0.01722
 110.00000  105.00000    0.01076
 110.00000  112.50000    0.00807
 110.00000  115.00000    0.01237
 110.00000  117.50000    0.01426
 110.00000  120.00000    0.01856
 110.00000  122.50000    0.02071
 110.00000  125.00000    0.02287
 110.00000  127.50000    0.02663
 110.00000  130.00000    0.03013
 110.00000  132.50000    0.03013
 110.00000  135.00000    0.03094
 110.00000  137.50000    0.03255
 110.00000  140.00000    0.03228
 110.00000  142.50000    0.03551
 110.00000  145.00000    0.03686
 110.00000  147.50000    0.03470
 110.00000  150.00000    0.03470
 110.00000  152.50000    0.03470
 110.00000  155.00000    0.03470
 110.00000  157.50000    0.03551
 110.00000  160.00000    0.03793
 110.00000  162.50000    0.04035
 110.00000  165.00000    0.04062
 110.00000  167.50000    0.04170
 110.00000  170.00000    0.04170
 110.00000  172.50000    0.04385
 110.00000  175.00000    0.04170
 110.00000  177.50000    0.04358
 110.00000  180.00000    0.04412
 110.00000  182.50000    0.04573
 110.00000  185.00000    0.04815
 110.00000  187.50000    0.04950
 110.00000  190.00000    0.05084
 110.00000  192.50000    0.05084
 110.00000  195.00000    0.05058
 110.00000  197.50000    0.05246
 110.00000  200.00000    0.05300
 110.00000  202.50000    0.05515
 110.00000  207.50000    0.05327
 110.00000  210.00000    0.05461
 110.00000  212.50000    0.05488
 110.00000  215.00000    0.05622
 110.00000  217.50000    0.05757
 110.00000  220.00000    0.05918
 120.00000   52.50000    0.05542
 120.00000   55.00000    0.05461
 120.00000   57.50000    0.05192
 120.00000   60.00000    0.05031
 120.00000   62.50000    0.05058
 120.00000   65.00000    0.05165
 120.00000   67.50000    0.04869
 120.00000   70.00000    0.04869
 120.00000   72.50000    0.04762
 120.00000   75.00000    0.04708
 120.00000   77.50000    0.04439
 120.00000   80.00000    0.04439
 120.00000   82.50000    0.04654
 120.00000   85.00000    0.04224
 120.00000   87.50000    0.03739
 120.00000   90.00000    0.03497
 120.00000   92.50000    0.03417
 120.00000   95.00000    0.03417
 120.00000   97.50000    0.03282
 120.00000  100.00000    0.03067
 120.00000  102.50000    0.02825
 120.00000  105.00000    0.02475
 120.00000  107.50000    0.02287
 120.00000  110.00000    0.01964
 120.00000  112.50000    0.01856
 120.00000  115.00000    0.01668
 120.00000  125.00000    0.01668
 120.00000  127.50000    0.02260
 120.00000  130.00000    0.02717
 120.00000  132.50000    0.02825
 120.00000  135.00000    0.03013
 120.00000  137.50000    0.03201
 120.00000  140.00000    0.03659
 120.00000  142.50000    0.03686
 120.00000  145.00000    0.03874
 120.00000  147.50000    0.03820
 120.00000  150.00000    0.03820
 120.00000  152.50000    0.03955
 120.00000  155.00000    0.04116
 120.00000  157.50000    0.04224
 120.00000  160.00000    0.04331
 120.00000  162.50000    0.04439
 120.00000  165.00000    0.04654
 120.00000  167.50000    0.04681
 120.00000  170.00000    0.04842
 120.00000  172.50000    0.05165
 120.00000  175.00000    0.05031
 120.00000  177.50000    0.04977
 120.00000  180.00000    0.05004
 120.00000  182.50000    0.05273
 120.00000  185.00000    0.05515
 120.00000  187.50000    0.05757
 120.00000  190.00000    0.05865
 120.00000  195.00000    0.06053
 120.00000  197.50000    0.06080
 120.00000  200.00000    0.06187
 130.00000   42.50000    0.07963
 130.00000   45.00000    0.08071
 130.00000   47.50000    0.07801
 130.00000   50.00000    0.07452
 130.00000   52.50000    0.06941
 130.00000   55.00000    0.06779
 130.00000   57.50000    0.06618
 130.00000   60.00000    0.06349
 130.00000   62.50000    0.06160
 130.00000   65.00000    0.06241
 130.00000   67.50000    0.06187
 130.00000   70.00000    0.05811
 130.00000   72.50000    0.05757
 130.00000   75.00000    0.05407
 130.00000   77.50000    0.05407
 130.00000   80.00000    0.05246
 130.00000   82.50000    0.05596
 130.00000   85.00000    0.05353
 130.00000   87.50000    0.05111
 130.00000   90.00000    0.05004
 130.00000   92.50000    0.04708
 130.00000   95.00000    0.04708
 130.00000   97.50000    0.04735
 130.00000  100.00000    0.04250
 130.00000  102.50000    0.04116
 130.00000  105.00000    0.03659
 130.00000  107.50000    0.03443
 130.00000  110.00000    0.03201
 130.00000  112.50000    0.03282
 130.00000  115.00000    0.03121
 130.00000  117.50000    0.03013
 130.00000  120.00000    0.02878
 130.00000  122.50000    0.02905
 130.00000  125.00000    0.02314
 130.00000  132.50000    0.01453
 130.00000  135.00000    0.01991
 130.00000  137.50000    0.02609
 130.00000  140.00000    0.02905
 130.00000  142.50000    0.03282
 130.00000  145.00000    0.03417
 130.00000  147.50000    0.03497
 130.00000  150.00000    0.03712
 130.00000  152.50000    0.04062
 130.00000  155.00000    0.04116
 130.00000  157.50000    0.04170
 130.00000  160.00000    0.04466
 130.00000  162.50000    0.04735
 130.00000  165.00000    0.04762
 130.00000  167.50000    0.04869
 130.00000  170.00000    0.04869
 130.00000  172.50000    0.05192
 130.00000  175.00000    0.05192
 130.00000  177.50000    0.05084
 130.00000  180.00000    0.05300
 130.00000  182.50000    0.05407
 130.00000  185.00000    0.05757
 130.00000  187.50000    0.05891
 130.00000  190.00000    0.05891
 130.00000  192.50000    0.06187
 130.00000  195.00000    0.05918
 130.00000  197.50000    0.06053
 130.00000  200.00000    0.06295
 130.00000  202.50000    0.05918
 140.00000   47.50000    0.06833
 140.00000   50.00000    0.06779
 140.00000   52.50000    0.06429
 140.00000   55.00000    0.06295
 140.00000   57.50000    0.05999
 140.00000   60.00000    0.06134
 140.00000   62.50000    0.06053
 140.00000   65.00000    0.05972
 140.00000   67.50000    0.05972
 140.00000   70.00000    0.05542
 140.00000   72.50000    0.05380
 140.00000   75.00000    0.05273
 140.00000   77.50000    0.05273
 140.00000   80.00000    0.05111
 140.00000   82.50000    0.05488
 140.00000   85.00000    0.04923
 140.00000   87.50000    0.04788
 140.00000   90.00000    0.04627
 140.00000   92.50000    0.04519
 140.00000   95.00000    0.04439
 140.00000   97.50000    0.04358
 140.00000  100.00000    0.04304
 140.00000  102.50000    0.04089
 140.00000  105.00000    0.03766
 140.00000  107.50000    0.03766
 140.00000  110.00000    0.03390
 140.00000  112.50000    0.03470
 140.00000  115.00000    0.03390
 140.00000  117.50000    0.03443
 140.00000  120.00000    0.03282
 140.00000  122.50000    0.03443
 140.00000  125.00000    0.03121
 140.00000  127.50000    0.02905
 140.00000  130.00000    0.02663
 140.00000  132.50000    0.02287
 140.00000  135.00000    0.01829
 140.00000  145.00000    0.01964
 140.00000  147.50000    0.01910
 140.00000  150.00000    0.02045
 140.00000  152.50000    0.02421
 140.00000  155.00000    0.02475
 140.00000  157.50000    0.02663
 140.00000  160.00000    0.02932
 140.00000  162.50000    0.03147
 140.00000  165.00000    0.03255
 140.00000  167.50000    0.03336
 140.00000  170.00000    0.03497
 140.00000  172.50000    0.03551
 140.00000  175.00000    0.03712
 140.00000  177.50000    0.03955
 140.00000  180.00000    0.04035
 140.00000  182.50000    0.04250
 140.00000  185.00000    0.04439
 140.00000  187.50000    0.04519
 140.00000  190.00000    0.04950
 140.00000  192.50000    0.05111
 140.00000  195.00000    0.05353
 140.00000  197.50000    0.05542
 150.00000   50.00000    0.05865
 150.00000   52.50000    0.05622
 150.00000   55.00000    0.05380
 150.00000   57.50000    0.05515
 150.00000   60.00000    0.05542
 150.00000   62.50000    0.05488
 150.00000   65.00000    0.05461
 150.00000   67.50000    0.05300
 150.00000   70.00000    0.05031
 150.00000   72.50000    0.04950
 150.00000   75.00000    0.04950
 150.00000   77.50000    0.04735
 150.00000   80.00000    0.04788
 150.00000   82.50000    0.04869
 150.00000   85.00000    0.04412
 150.00000   87.50000    0.04412
 150.00000   90.00000    0.04304
 150.00000   92.50000    0.04008
 150.00000   95.00000    0.04116
 150.00000   97.50000    0.03901
 150.00000  100.00000    0.04062
 150.00000  102.50000    0.03793
 150.00000  105.00000    0.03766
 150.00000  107.50000    0.03551
 150.00000  110.00000    0.03524
 150.00000  112.50000    0.03551
 150.00000  115.00000    0.03605
 150.00000  117.50000    0.03632
 150.00000  120.00000    0.03470
 150.00000  122.50000    0.03470
 150.00000  125.00000    0.03443
 150.00000  127.50000    0.03282
 150.00000  130.00000    0.03174
 150.00000  132.50000    0.02932
 150.00000  135.00000    0.02636
 150.00000  137.50000    0.02367
 150.00000  140.00000    0.01964
 150.00000  142.50000    0.01695
 150.00000  145.00000    0.01506
 150.00000  152.50000    0.01345
 150.00000  155.00000    0.01453
 150.00000  157.50000    0.01480
 150.00000  160.00000    0.01910
 150.00000  162.50000    0.02233
 150.00000  165.00000    0.02287
 150.00000  167.50000    0.02556
 150.00000  170.00000    0.02690
 150.00000  172.50000    0.02878
 150.00000  175.00000    0.02932
 150.00000  177.50000    0.03201
 150.00000  180.00000    0.03282
 150.00000  182.50000    0.03336
 150.00000  185.00000    0.03578
 150.00000  187.50000    0.03793
 150.00000  190.00000    0.03955
 150.00000  192.50000    0.04224
 150.00000  195.00000    0.04224
 150.00000  197.50000    0.04466
 150.00000  200.00000    0.04815
 150.00000  202.50000    0.04977
 150.00000  207.50000    0.05138
 150.00000  210.00000    0.05273
 150.00000  212.50000    0.05300
 150.00000  215.00000    0.05461
 150.00000  217.50000    0.05542
 150.00000  220.00000    0.05676
 160.00000   50.00000    0.06295
 160.00000   52.50000    0.06160
 160.00000   55.00000    0.05999
 160.00000   57.50000    0.05918
 160.00000   60.00000    0.05918
 160.00000   62.50000    0.05918
 160.00000   65.00000    0.05730
 160.00000   67.50000    0.05596
 160.00000   70.00000    0.05300
 160.00000   72.50000    0.05353
 160.00000   75.00000    0.05219
 160.00000   77.50000    0.05138
 160.00000   80.00000    0.05273
 160.00000   82.50000    0.05058
 160.00000   85.00000    0.04681
 160.00000   87.50000    0.04439
 160.00000   90.00000    0.04654
 160.00000   92.50000    0.04250
 160.00000   95.00000    0.04143
 160.00000  100.00000    0.04250
 160.00000  102.50000    0.04089
 160.00000  105.00000    0.04008
 160.00000  107.50000    0.03981
 160.00000  110.00000    0.04035
 160.00000  112.50000    0.04062
 160.00000  115.00000    0.04035
 160.00000  117.50000    0.04035
 160.00000  120.00000    0.04170
 160.00000  122.50000    0.03901
 160.00000  125.00000    0.04035
 160.00000  127.50000    0.03955
 160.00000  130.00000    0.03955
 160.00000  132.50000    0.03659
 160.00000  135.00000    0.03524
 160.00000  137.50000    0.03067
 160.00000  140.00000    0.02825
 160.00000  142.50000    0.02502
 160.00000  145.00000    0.02287
 160.00000  147.50000    0.01937
 160.00000  150.00000    0.01910
 160.00000  152.50000    0.01829
 160.00000  155.00000    0.01399
 160.00000  162.50000    0.01399
 160.00000  165.00000    0.01560
 160.00000  167.50000    0.01749
 160.00000  170.00000    0.01937
 160.00000  172.50000    0.02367
 160.00000  175.00000    0.02448
 160.00000  177.50000    0.02609
 160.00000  180.00000    0.02663
 160.00000  182.50000    0.02852
 160.00000  185.00000    0.03067
 160.00000  187.50000    0.03201
 160.00000  190.00000    0.03336
 160.00000  192.50000    0.03712
 160.00000  195.00000    0.03874
 160.00000  197.50000    0.03928
 160.00000  200.00000    0.04224
 160.00000  202.50000    0.04519
 160.00000  207.50000    0.05004
 160.00000  210.00000    0.05031
 160.00000  212.50000    0.05300
 160.00000  215.00000    0.05488
 160.00000  217.50000    0.05461
 160.00000  220.00000    0.05757
 160.00000  227.50000    0.05649
 160.00000  230.00000    0.05703
 160.00000  232.50000    0.05757
 160.00000  235.00000    0.05945
 160.00000  237.50000    0.06134
 170.00000   42.50000    0.06914
 170.00000   45.00000    0.06914
 170.00000   47.50000    0.07021
 170.00000   50.00000    0.06483
 170.00000   52.50000    0.06241
 170.00000   55.00000    0.06295
 170.00000   57.50000    0.06107
 170.00000   60.00000    0.06053
 170.00000   62.50000    0.06160
 170.00000   65.00000    0.06107
 170.00000   67.50000    0.05918
 170.00000   70.00000    0.05730
 170.00000   72.50000    0.05676
 170.00000   75.00000    0.05730
 170.00000   77.50000    0.05300
 170.00000   80.00000    0.05380
 170.00000   82.50000    0.05596
 170.00000   85.00000    0.05246
 170.00000   87.50000    0.04950
 170.00000   90.00000    0.04869
 170.00000   92.50000    0.04708
 170.00000   95.00000    0.04466
 170.00000   97.50000    0.04466
 170.00000  100.00000    0.04735
 170.00000  102.50000    0.04519
 170.00000  105.00000    0.04331
 170.00000  107.50000    0.04466
 170.00000  110.00000    0.04170
 170.00000  112.50000    0.04439
 170.00000  117.50000    0.04735
 170.00000  120.00000    0.04600
 170.00000  122.50000    0.04600
 170.00000  125.00000    0.04627
 170.00000  127.50000    0.04573
 170.00000  130.00000    0.04681
 170.00000  132.50000    0.04546
 170.00000  135.00000    0.04089
 170.00000  137.50000    0.03847
 170.00000  140.00000    0.03443
 170.00000  142.50000    0.03228
 170.00000  145.00000    0.03174
 170.00000  147.50000    0.02744
 170.00000  150.00000    0.02556
 170.00000  152.50000    0.02529
 170.00000  155.00000    0.02233
 170.00000  157.50000    0.01964
 170.00000  160.00000    0.01937
 170.00000  162.50000    0.01641
 170.00000  165.00000    0.01264
 170.00000  175.00000    0.01291
 170.00000  177.50000    0.01506
 170.00000  180.00000    0.01668
 170.00000  182.50000    0.01776
 170.00000  185.00000    0.01991
 170.00000  187.50000    0.02314
 170.00000  190.00000    0.02529
 170.00000  192.50000    0.02744
 170.00000  195.00000    0.02798
 170.00000  197.50000    0.03040
 170.00000  200.00000    0.03282
 170.00000  202.50000    0.03524
 170.00000  207.50000    0.03712
 170.00000  210.00000    0.03820
 170.00000  212.50000    0.04116
 170.00000  215.00000    0.04089
 170.00000  217.50000    0.04331
 170.00000  220.00000    0.04654
 170.00000  227.50000    0.04788
 170.00000  230.00000    0.04762
 170.00000  232.50000    0.05031
 170.00000  235.00000    0.04950
 170.00000  237.50000    0.05246
 180.00000   50.00000    0.06806
 180.00000   52.50000    0.06645
 180.00000   55.00000    0.06456
 180.00000   57.50000    0.06483
 180.00000   60.00000    0.06537
 180.00000   62.50000    0.06295
 180.00000   65.00000    0.06187
 180.00000   67.50000    0.06107
 180.00000   70.00000    0.06107
 180.00000   72.50000    0.05918
 180.00000   75.00000    0.05891
 180.00000   77.50000    0.05811
 180.00000   80.00000    0.05784
 180.00000   82.50000    0.05703
 180.00000   85.00000    0.05515
 180.00000   87.50000    0.05219
 180.00000   90.00000    0.04950
 180.00000   92.50000    0.04896
 180.00000   95.00000    0.05031
 180.00000   97.50000    0.04977
 180.00000  100.00000    0.04977
 180.00000  102.50000    0.04654
 180.00000  105.00000    0.04654
 180.00000  107.50000    0.04681
 180.00000  110.00000    0.04493
 180.00000  112.50000    0.04573
 180.00000  115.00000    0.04815
 180.00000  117.50000    0.04869
 180.00000  120.00000    0.04735
 180.00000  122.50000    0.04788
 180.00000  125.00000    0.04842
 180.00000  127.50000    0.04977
 180.00000  130.00000    0.05219
 180.00000  132.50000    0.04762
 180.00000  135.00000    0.04573
 180.00000  137.50000    0.04358
 180.00000  140.00000    0.04116
 180.00000  142.50000    0.03874
 180.00000  145.00000    0.03659
 180.00000  147.50000    0.03390
 180.00000  150.00000    0.03147
 180.00000  152.50000    0.02959
 180.00000  155.00000    0.02878
 180.00000  157.50000    0.02663
 180.00000  160.00000    0.02556
 180.00000  162.50000    0.02421
 180.00000  165.00000    0.02206
 180.00000  167.50000    0.01910
 180.00000  170.00000    0.01695
 180.00000  172.50000    0.01291
 180.00000  175.00000    0.01264
 180.00000  177.50000    0.00968
 180.00000  185.00000    0.01291
 180.00000  187.50000    0.01587
 180.00000  190.00000    0.01722
 180.00000  192.50000    0.01991
 180.00000  195.00000    0.01991
 180.00000  197.50000    0.02340
 180.00000  200.00000    0.02717
 180.00000  202.50000    0.02744
 180.00000  207.50000    0.03067
 180.00000  210.00000    0.03228
 180.00000  212.50000    0.03470
 180.00000  215.00000    0.03659
 180.00000  217.50000    0.03874
 180.00000  220.00000    0.04170
 180.00000  225.00000    0.04008
 180.00000  227.50000    0.04250
 180.00000  230.00000    0.04116
 180.00000  232.50000    0.04277
 180.00000  235.00000    0.04412
 180.00000  237.50000    0.04466
 190.00000  242.50000    0.05165
 190.00000  245.00000    0.05353
 190.00000  247.50000    0.05327
 190.00000  250.00000    0.05327
 190.00000  252.50000    0.05407
 190.00000  255.00000    0.05488
 190.00000  257.50000    0.05165
 190.00000  260.00000    0.05138
 190.00000  262.50000    0.05219
 190.00000  265.00000    0.05434
 190.00000  267.50000    0.05246
 190.00000  270.00000    0.05273
 190.00000  272.50000    0.05246
 190.00000  275.00000    0.05058
 190.00000  277.50000    0.04842
 190.00000  280.00000    0.05273
 190.00000  282.50000    0.05004
 190.00000  285.00000    0.05084
 190.00000  287.50000    0.05246
 190.00000  290.00000    0.05273
 190.00000  292.50000    0.05515
 190.00000  295.00000    0.05461
 190.00000  297.50000    0.05649
 190.00000  300.00000    0.05649
 190.00000  302.50000    0.06026
 190.00000  305.00000    0.06187
 190.00000  307.50000    0.06107
 190.00000  310.00000    0.06376
 200.00000   47.50000    0.08097
 200.00000   62.50000    0.07532
 200.00000   65.00000    0.07371
 200.00000   67.50000    0.07156
 200.00000   70.00000    0.07021
 200.00000   72.50000    0.07021
 200.00000   75.00000    0.07075
 200.00000   77.50000    0.06806
 200.00000   80.00000    0.06456
 200.00000   82.50000    0.06699
 200.00000   85.00000    0.06618
 200.00000   87.50000    0.06268
 200.00000   90.00000    0.06241
 200.00000   92.50000    0.06026
 200.00000   95.00000    0.06322
 200.00000   97.50000    0.06214
 200.00000  100.00000    0.05945
 200.00000  102.50000    0.05945
 200.00000  105.00000    0.06026
 200.00000  107.50000    0.05945
 200.00000  110.00000    0.05542
 200.00000  112.50000    0.05622
 200.00000  115.00000    0.05488
 200.00000  117.50000    0.05784
 200.00000  120.00000    0.05865
 200.00000  122.50000    0.05891
 200.00000  125.00000    0.05999
 200.00000  127.50000    0.05838
 200.00000  130.00000    0.06026
 200.00000  132.50000    0.06026
 200.00000  135.00000    0.05865
 200.00000  137.50000    0.05649
 200.00000  140.00000    0.05380
 200.00000  142.50000    0.05434
 200.00000  145.00000    0.05246
 200.00000  147.50000    0.05219
 200.00000  150.00000    0.04950
 200.00000  152.50000    0.04762
 200.00000  155.00000    0.04815
 200.00000  157.50000    0.04627
 200.00000  160.00000    0.04439
 200.00000  162.50000    0.04277
 200.00000  165.00000    0.04116
 200.00000  167.50000    0.03901
 200.00000  170.00000    0.03470
 200.00000  172.50000    0.03417
 200.00000  175.00000    0.03147
 200.00000  177.50000    0.02959
 200.00000  180.00000    0.02771
 200.00000  182.50000    0.02690
 200.00000  185.00000    0.02556
 200.00000  187.50000    0.02502
 200.00000  190.00000    0.02206
 200.00000  192.50000    0.01910
 200.00000  195.00000    0.01480
 200.00000  202.50000    0.01480
 200.00000  207.50000    0.01964
 200.00000  210.00000    0.02206
 200.00000  212.50000    0.02260
 200.00000  215.00000    0.02421
 200.00000  217.50000    0.02798
 200.00000  220.00000    0.03121
 200.00000  227.50000    0.03605
 200.00000  230.00000    0.03497
 200.00000  232.50000    0.03659
 200.00000  235.00000    0.03766
 200.00000  237.50000    0.03981
 210.00000  100.00000    0.06160
 210.00000  102.50000    0.05999
 210.00000  105.00000    0.06187
 210.00000  107.50000    0.06080
 210.00000  110.00000    0.05542
 210.00000  112.50000    0.05784
 210.00000  115.00000    0.06134
 210.00000  117.50000    0.06134
 210.00000  120.00000    0.06295
 210.00000  122.50000    0.06080
 210.00000  125.00000    0.05891
 210.00000  127.50000    0.05811
 210.00000  130.00000    0.05811
 210.00000  132.50000    0.05649
 210.00000  135.00000    0.05703
 210.00000  137.50000    0.05300
 210.00000  140.00000    0.05784
 210.00000  142.50000    0.05945
 210.00000  145.00000    0.05865
 210.00000  147.50000    0.05972
 210.00000  150.00000    0.05407
 210.00000  152.50000    0.05407
 210.00000  155.00000    0.05380
 210.00000  157.50000    0.05192
 210.00000  160.00000    0.05084
 210.00000  162.50000    0.04627
 210.00000  165.00000    0.04439
 210.00000  167.50000    0.04439
 210.00000  170.00000    0.04008
 210.00000  172.50000    0.03820
 210.00000  175.00000    0.03712
 210.00000  177.50000    0.03712
 210.00000  180.00000    0.03497
 210.00000  182.50000    0.03417
 210.00000  185.00000    0.03417
 210.00000  187.50000    0.03282
 210.00000  190.00000    0.02878
 210.00000  192.50000    0.02583
 210.00000  195.00000    0.02448
 210.00000  197.50000    0.02233
 210.00000  200.00000    0.01937
 210.00000  202.50000    0.01883
 210.00000  205.00000    0.01587
 210.00000  207.50000    0.01184
 210.00000  212.50000    0.01103
 210.00000  215.00000    0.01372
 210.00000  217.50000    0.01695
 210.00000  220.00000    0.02125
 210.00000  222.50000    0.02529
 210.00000  227.50000    0.02690
 210.00000  230.00000    0.02825
 210.00000  232.50000    0.02878
 210.00000  235.00000    0.02932
 210.00000  237.50000    0.03201
 220.00000  152.50000    0.06322
 220.00000  155.00000    0.06187
 220.00000  157.50000    0.06026
 220.00000  160.00000    0.05784
 220.00000  162.50000    0.05999
 220.00000  165.00000    0.05569
 220.00000  167.50000    0.05407
 220.00000  170.00000    0.05111
 220.00000  172.50000    0.04815
 220.00000  175.00000    0.04466
 220.00000  177.50000    0.04385
 220.00000  180.00000    0.04304
 220.00000  182.50000    0.04277
 220.00000  185.00000    0.04224
 220.00000  187.50000    0.04008
 220.00000  190.00000    0.03874
 220.00000  192.50000    0.03659
 220.00000  195.00000    0.03336
 220.00000  197.50000    0.03255
 220.00000  200.00000    0.03147
 220.00000  202.50000    0.02825
 220.00000  205.00000    0.02475
 220.00000  207.50000    0.02394
 220.00000  210.00000    0.02179
 220.00000  212.50000    0.01856
 220.00000  215.00000    0.01426
 220.00000  217.50000    0.01103
 220.00000  222.50000    0.01345
 220.00000  225.00000    0.02206
 220.00000  227.50000    0.02367
 220.00000  230.00000    0.02233
 220.00000  232.50000    0.02421
 220.00000  235.00000    0.02556
 220.00000  237.50000    0.02878
 230.00000  152.50000    0.05542
 230.00000  155.00000    0.05515
 230.00000  157.50000    0.05542
 230.00000  160.00000    0.05649
 230.00000  162.50000    0.05596
 230.00000  165.00000    0.05434
 230.00000  167.50000    0.05219
 230.00000  170.00000    0.05165
 230.00000  172.50000    0.04869
 230.00000  175.00000    0.04627
 230.00000  177.50000    0.04654
 230.00000  180.00000    0.04385
 230.00000  182.50000    0.04385
 230.00000  185.00000    0.04385
 230.00000  187.50000    0.04170
 230.00000  190.00000    0.04089
 230.00000  192.50000    0.03820
 230.00000  195.00000    0.03766
 230.00000  197.50000    0.03578
 230.00000  200.00000    0.03470
 230.00000  202.50000    0.03174
 230.00000  207.50000    0.02932
 230.00000  210.00000    0.02717
 230.00000  212.50000    0.02583
 230.00000  215.00000    0.02421
 230.00000  217.50000    0.02233
 230.00000  220.00000    0.02045
 230.00000  225.00000    0.01345
 230.00000  232.50000    0.01022
 230.00000  235.00000    0.01372
 230.00000  237.50000    0.01614
 240.00000  150.00000    0.06456
 240.00000  152.50000    0.06537
 240.00000  155.00000    0.06752
 240.00000  157.50000    0.06833
 240.00000  160.00000    0.06591
 240.00000  162.50000    0.06403
 240.00000  165.00000    0.06134
 240.00000  167.50000    0.06026
 240.00000  170.00000    0.06080
 240.00000  172.50000    0.05999
 240.00000  175.00000    0.05757
 240.00000  177.50000    0.05730
 240.00000  180.00000    0.05488
 240.00000  182.50000    0.05434
 240.00000  185.00000    0.05515
 240.00000  187.50000    0.05488
 240.00000  190.00000    0.05327
 240.00000  192.50000    0.05192
 240.00000  195.00000    0.04842
 240.00000  197.50000    0.04815
 240.00000  200.00000    0.04493
 240.00000  202.50000    0.04439
 240.00000  207.50000    0.04197
 240.00000  210.00000    0.04062
 240.00000  212.50000    0.03847
 240.00000  215.00000    0.03712
 240.00000  217.50000    0.03417
 240.00000  220.00000    0.03417
 240.00000  225.00000    0.02663
 240.00000  227.50000    0.02475
 240.00000  230.00000    0.02071
 240.00000  232.50000    0.01991
 240.00000  235.00000    0.01480
 240.00000  237.50000    0.01480
 250.00000  177.50000    0.05784
 250.00000  180.00000    0.05515
 250.00000  185.00000    0.05730
 250.00000  187.50000    0.05596
 250.00000  190.00000    0.05461
 250.00000  192.50000    0.05434
 250.00000  195.00000    0.05246
 250.00000  197.50000    0.05165
 250.00000  200.00000    0.05246
 250.00000  202.50000    0.05004
 250.00000  207.50000    0.04654
 250.00000  210.00000    0.04573
 250.00000  212.50000    0.04439
 250.00000  215.00000    0.04304
 250.00000  217.50000    0.04250
 250.00000  220.00000    0.04116
 250.00000  222.50000    0.03820
 250.00000  225.00000    0.03497
 250.00000  227.50000    0.03174
 250.00000  230.00000    0.03013
 250.00000  232.50000    0.02905
 250.00000  235.00000    0.02609
 250.00000  237.50000    0.02529
 260.00000  170.00000    0.05569
 260.00000  172.50000    0.05327
 260.00000  175.00000    0.05246
 260.00000  177.50000    0.05219
 260.00000  180.00000    0.05300
 260.00000  182.50000    0.05353
 260.00000  185.00000    0.05219
 260.00000  187.50000    0.05219
 260.00000  190.00000    0.05165
 260.00000  192.50000    0.04896
 260.00000  195.00000    0.04896
 260.00000  197.50000    0.04977
 260.00000  200.00000    0.04842
 260.00000  202.50000    0.04788
 260.00000  207.50000    0.04331
 260.00000  210.00000    0.04170
 260.00000  212.50000    0.04089
 260.00000  215.00000    0.04250
 260.00000  217.50000    0.04250
 260.00000  220.00000    0.04116
 260.00000  225.00000    0.03712
 260.00000  227.50000    0.03524
 260.00000  230.00000    0.03201
 260.00000  232.50000    0.03121
 260.00000  235.00000    0.03040
 260.00000  237.50000    0.03174
 270.00000  240.00000    0.04062
 270.00000  242.50000    0.04143
 270.00000  250.00000    0.03497
 270.00000  252.50000    0.03201
 270.00000  255.00000    0.02959
 270.00000  257.50000    0.02771
 270.00000  260.00000    0.02233
 270.00000  262.50000    0.02071
 270.00000  265.00000    0.01991
 270.00000  267.50000    0.01776
 270.00000  272.50000    0.01749
 270.00000  275.00000    0.02152
 270.00000  277.50000    0.02233
 270.00000  280.00000    0.02367
 270.00000  282.50000    0.02609
 270.00000  285.00000    0.02717
 270.00000  287.50000    0.02609
 270.00000  290.00000    0.03524
 270.00000  292.50000    0.03632
 270.00000  295.00000    0.03820
 270.00000  297.50000    0.03766
 270.00000  300.00000    0.03901
 270.00000  302.50000    0.03524
 270.00000  305.00000    0.03551
 270.00000  307.50000    0.03497
 270.00000  310.00000    0.03497
 270.00000  312.50000    0.04170
 280.00000  240.00000    0.03901
 280.00000  242.50000    0.03847
 280.00000  250.00000    0.03470
 280.00000  252.50000    0.03174
 280.00000  255.00000    0.03147
 280.00000  257.50000    0.02798
 280.00000  260.00000    0.02609
 280.00000  262.50000    0.02502
 280.00000  265.00000    0.02394
 280.00000  267.50000    0.02233
 280.00000  270.00000    0.02260
 280.00000  272.50000    0.01722
 280.00000  275.00000    0.01264
 280.00000  277.50000    0.00807
 280.00000  282.50000    0.01076
 280.00000  285.00000    0.01453
 280.00000  287.50000    0.01856
 280.00000  290.00000    0.02045
 280.00000  292.50000    0.02340
 280.00000  295.00000    0.02529
 280.00000  297.50000    0.02878
 280.00000  300.00000    0.03201
 280.00000  302.50000    0.03659
 280.00000  305.00000    0.04062
 280.00000  307.50000    0.04654
 280.00000  310.00000    0.04466
 280.00000  312.50000    0.04627
 280.00000  315.00000    0.04896
 280.00000  317.50000    0.04896
 280.00000  320.00000    0.05111
 280.00000  322.50000    0.05138
 280.00000  325.00000    0.05138
 280.00000  327.50000    0.05434
 280.00000  330.00000    0.05596
 290.00000  250.00000    0.03712
 290.00000  252.50000    0.03551
 290.00000  255.00000    0.03390
 290.00000  257.50000    0.03201
 290.00000  260.00000    0.02905
 290.00000  262.50000    0.02798
 290.00000  265.00000    0.02663
 290.00000  267.50000    0.02663
 290.00000  270.00000    0.02421
 290.00000  272.50000    0.02287
 290.00000  275.00000    0.02045
 290.00000  277.50000    0.01991
 290.00000  280.00000    0.01856
 290.00000  282.50000    0.01560
 290.00000  285.00000    0.01668
 290.00000  287.50000    0.01318
 290.00000  292.50000    0.01480
 290.00000  295.00000    0.01776
 290.00000  297.50000    0.01991
 290.00000  300.00000    0.02260
 290.00000  302.50000    0.02475
 290.00000  305.00000    0.02663
 290.00000  307.50000    0.03174
 290.00000  312.50000    0.03255
 290.00000  315.00000    0.03174
 290.00000  317.50000    0.03336
 290.00000  320.00000    0.03336
 290.00000  322.50000    0.03470
 290.00000  325.00000    0.03470
 290.00000  327.50000    0.03551
 290.00000  330.00000    0.03793
 290.00000  332.50000    0.03820
 290.00000  335.00000    0.03605
 290.00000  337.50000    0.03820
 290.00000  340.00000    0.03928
 290.00000  342.50000    0.04008
 290.00000  345.00000    0.04035
 290.00000  347.50000    0.03874
 290.00000  350.00000    0.03981
 290.00000  352.50000    0.03712
 290.00000  355.00000    0.03847
 290.00000  357.50000    0.04062
 300.00000  250.00000    0.04062
 300.00000  252.50000    0.03981
 300.00000  255.00000    0.03955
 300.00000  257.50000    0.03605
 300.00000  260.00000    0.03390
 300.00000  262.50000    0.03443
 300.00000  265.00000    0.03282
 300.00000  267.50000    0.03094
 300.00000  270.00000    0.02986
 300.00000  272.50000    0.02771
 300.00000  275.00000    0.02609
 300.00000  277.50000    0.02206
 300.00000  280.00000    0.02260
 300.00000  282.50000    0.02179
 300.00000  285.00000    0.02260
 300.00000  287.50000    0.02045
 300.00000  290.00000    0.01856
 300.00000  292.50000    0.01829
 300.00000  295.00000    0.01399
 300.00000  297.50000    0.00888
 300.00000  302.50000    0.01291
 300.00000  305.00000    0.01506
 300.00000  307.50000    0.02152
 300.00000  310.00000    0.02206
 300.00000  312.50000    0.02314
 300.00000  315.00000    0.02609
 300.00000  317.50000    0.02798
 300.00000  320.00000    0.03147
 300.00000  322.50000    0.03255
 300.00000  325.00000    0.03470
 300.00000  327.50000    0.03605
 300.00000  330.00000    0.03686
 300.00000  332.50000    0.03739
 300.00000  335.00000    0.03739
 300.00000  337.50000    0.04062
 300.00000  340.00000    0.04062
 300.00000  342.50000    0.04197
 300.00000  345.00000    0.04008
 300.00000  347.50000    0.04116
 300.00000  350.00000    0.03820
 300.00000  352.50000    0.03928
 300.00000  355.00000    0.03955
 300.00000  357.50000    0.04089
 300.00000  360.00000    0.04089
 300.00000  362.50000    0.04170
 300.00000  365.00000    0.04385
 300.00000  367.50000    0.04277
 300.00000  370.00000    0.04600
 300.00000  372.50000    0.04600
 300.00000  375.00000    0.04896
 310.00000  250.00000    0.04815
 310.00000  252.50000    0.04735
 310.00000  255.00000    0.04466
 310.00000  257.50000    0.04250
 310.00000  260.00000    0.04089
 310.00000  262.50000    0.04008
 310.00000  265.00000    0.03901
 310.00000  267.50000    0.03739
 310.00000  270.00000    0.03551
 310.00000  272.50000    0.03551
 310.00000  275.00000    0.03147
 310.00000  277.50000    0.02986
 310.00000  280.00000    0.02986
 310.00000  282.50000    0.02878
 310.00000  285.00000    0.02905
 310.00000  287.50000    0.02798
 310.00000  290.00000    0.02932
 310.00000  292.50000    0.02852
 310.00000  295.00000    0.02636
 310.00000  297.50000    0.02152
 310.00000  300.00000    0.02018
 310.00000  302.50000    0.01695
 310.00000  305.00000    0.01560
 310.00000  312.50000    0.01453
 310.00000  315.00000    0.01695
 310.00000  317.50000    0.01991
 310.00000  320.00000    0.02340
 310.00000  322.50000    0.02636
 310.00000  325.00000    0.02825
 310.00000  327.50000    0.03067
 310.00000  330.00000    0.03363
 310.00000  332.50000    0.03605
 310.00000  335.00000    0.03524
 310.00000  337.50000    0.03820
 310.00000  340.00000    0.03901
 310.00000  342.50000    0.03928
 310.00000  345.00000    0.04143
 310.00000  347.50000    0.04143
 310.00000  350.00000    0.04143
 310.00000  352.50000    0.04089
 310.00000  355.00000    0.04250
 310.00000  357.50000    0.04493
 310.00000  360.00000    0.04627
 310.00000  362.50000    0.04788
 310.00000  365.00000    0.04815
 310.00000  367.50000    0.04923
 310.00000  370.00000    0.05058
 310.00000  372.50000    0.05192
 310.00000  375.00000    0.05407
 310.00000  377.50000    0.05327
 310.00000  380.00000    0.05219
 332.00000  282.50000    0.03605
 332.00000  285.00000    0.03739
 332.00000  287.50000    0.03524
 332.00000  290.00000    0.03578
 332.00000  292.50000    0.03605
 332.00000  295.00000    0.03605
 332.00000  297.50000    0.03793
 332.00000  300.00000    0.03659
 332.00000  302.50000    0.03659
 332.00000  305.00000    0.03739
 332.00000  307.50000    0.03551
 332.00000  310.00000    0.03390
 332.00000  312.50000    0.03363
 332.00000  315.00000    0.03013
 332.00000  317.50000    0.02717
 332.00000  320.00000    0.02609
 332.00000  322.50000    0.02260
 332.00000  325.00000    0.01937
 332.00000  327.50000    0.01480
 332.00000  330.00000    0.01345
 332.00000  335.00000    0.01237
 332.00000  337.50000    0.01802
 332.00000  340.00000    0.02045
 332.00000  342.50000    0.02340
 332.00000  345.00000    0.02556
 332.00000  347.50000    0.02852
 332.00000  350.00000    0.02878
 332.00000  352.50000    0.03040
 332.00000  355.00000    0.03201
 332.00000  357.50000    0.03524
 332.00000  360.00000    0.03739
 332.00000  362.50000    0.03712
 332.00000  365.00000    0.03766
 332.00000  367.50000    0.04008
 332.00000  370.00000    0.04170
 332.00000  372.50000    0.04224
 332.00000  375.00000    0.04654
 332.00000  377.50000    0.04708
 332.00000  380.00000    0.04573
 332.00000  382.50000    0.04708
 332.00000  385.00000    0.04654
 332.00000  387.50000    0.04762
 332.00000  390.00000    0.04788
 332.00000  392.50000    0.04896
 332.00000  395.00000    0.05111
 332.00000  397.50000    0.05219
 332.00000  400.00000    0.05461
 332.00000  402.50000    0.05730
 332.00000  405.00000    0.05865
 332.00000  407.50000    0.05972
 332.00000  410.00000    0.06134
 340.00000  292.50000    0.03094
 340.00000  295.00000    0.03147
 340.00000  297.50000    0.03228
 340.00000  300.00000    0.03228
 340.00000  302.50000    0.03201
 340.00000  305.00000    0.03201
 340.00000  307.50000    0.03201
 340.00000  310.00000    0.02986
 340.00000  312.50000    0.03013
 340.00000  315.00000    0.02825
 340.00000  317.50000    0.02717
 340.00000  320.00000    0.02556
 340.00000  322.50000    0.02179
 340.00000  325.00000    0.02045
 340.00000  327.50000    0.01856
 340.00000  330.00000    0.01533
 340.00000  332.50000    0.01049
 340.00000  335.00000    0.00726
 340.00000  342.50000    0.00296
 340.00000  345.00000    0.00726
 340.00000  347.50000    0.00915
 340.00000  350.00000    0.01157
 340.00000  352.50000    0.01264
 340.00000  355.00000    0.01587
 340.00000  357.50000    0.01776
 340.00000  360.00000    0.02098
 340.00000  362.50000    0.02340
 340.00000  365.00000    0.02502
 340.00000  367.50000    0.02717
 340.00000  370.00000    0.02825
 340.00000  372.50000    0.02986
 340.00000  375.00000    0.03228
 340.00000  377.50000    0.03121
 340.00000  380.00000    0.03121
 340.00000  382.50000    0.03255
 340.00000  385.00000    0.03443
 340.00000  387.50000    0.03766
 340.00000  390.00000    0.03605
 340.00000  392.50000    0.03605
 350.00000  257.50000    0.04842
 350.00000  260.00000    0.04681
 350.00000  262.50000    0.04546
 350.00000  265.00000    0.04466
 350.00000  267.50000    0.04385
 350.00000  270.00000    0.04089
 350.00000  272.50000    0.04143
 350.00000  275.00000    0.03820
 350.00000  277.50000    0.03686
 350.00000  280.00000    0.03793
 350.00000  282.50000    0.03524
 350.00000  285.00000    0.03632
 350.00000  287.50000    0.03443
 350.00000  290.00000    0.03443
 350.00000  292.50000    0.03712
 350.00000  295.00000    0.03632
 350.00000  297.50000    0.03766
 350.00000  300.00000    0.03820
 350.00000  302.50000    0.03874
 350.00000  305.00000    0.04062
 350.00000  307.50000    0.04116
 350.00000  310.00000    0.04170
 350.00000  312.50000    0.03928
 350.00000  315.00000    0.03686
 350.00000  317.50000    0.03470
 350.00000  320.00000    0.03417
 350.00000  322.50000    0.03228
 350.00000  325.00000    0.03040
 350.00000  327.50000    0.02932
 350.00000  330.00000    0.02852
 350.00000  332.50000    0.02556
 350.00000  335.00000    0.02125
 350.00000  337.50000    0.01937
 350.00000  340.00000    0.01587
 350.00000  342.50000    0.01318
 350.00000  345.00000    0.01184
 350.00000  347.50000    0.00942
 350.00000  352.50000    0.00968
 350.00000  355.00000    0.01399
 350.00000  357.50000    0.01668
 350.00000  360.00000    0.02071
 350.00000  362.50000    0.02152
 350.00000  365.00000    0.02287
 350.00000  367.50000    0.02529
 350.00000  370.00000    0.02744
 350.00000  372.50000    0.02986
 350.00000  375.00000    0.03147
 350.00000  377.50000    0.03255
 350.00000  380.00000    0.03336
 350.00000  382.50000    0.03443
 350.00000  385.00000    0.03551
 350.00000  387.50000    0.03766
 350.00000  390.00000    0.03712
 350.00000  392.50000    0.03524
 350.00000  395.00000    0.03739
 350.00000  397.50000    0.03955
 350.00000  400.00000    0.04197
 350.00000  402.50000    0.04493
 350.00000  405.00000    0.04735
 350.00000  407.50000    0.04815
 350.00000  410.00000    0.05192
 350.00000  412.50000    0.05300
 350.00000  415.00000    0.05434
 350.00000  420.00000    0.05622
 350.00000  422.50000    0.05649
 350.00000  425.00000    0.05757
 350.00000  427.50000    0.05811
 350.00000  430.00000    0.05945
 350.00000  432.50000    0.06026
 350.00000  435.00000    0.06160
 350.00000  437.50000    0.06376
 350.00000  440.00000    0.06241
 350.00000  442.50000    0.06295
 360.00000  295.00000    0.04331
 360.00000  297.50000    0.04412
 360.00000  300.00000    0.04573
 360.00000  302.50000    0.04654
 360.00000  305.00000    0.04708
 360.00000  307.50000    0.04519
 360.00000  310.00000    0.04008
 360.00000  312.50000    0.03928
 360.00000  315.00000    0.03901
 360.00000  317.50000    0.03659
 360.00000  320.00000    0.03686
 360.00000  322.50000    0.03497
 360.00000  325.00000    0.03417
 360.00000  327.50000    0.03201
 360.00000  330.00000    0.03309
 360.00000  332.50000    0.03013
 360.00000  335.00000    0.02663
 360.00000  337.50000    0.02421
 360.00000  340.00000    0.02125
 360.00000  342.50000    0.01991
 360.00000  345.00000    0.01937
 360.00000  347.50000    0.01722
 360.00000  350.00000    0.01587
 360.00000  352.50000    0.01237
 360.00000  355.00000    0.00915
 360.00000  362.50000    0.00753
 360.00000  365.00000    0.00995
 360.00000  367.50000    0.01318
 360.00000  370.00000    0.01453
 360.00000  372.50000    0.01776
 360.00000  375.00000    0.02152
 360.00000  377.50000    0.02179
 360.00000  380.00000    0.02394
 360.00000  382.50000    0.02475
 360.00000  385.00000    0.02529
 360.00000  387.50000    0.02825
 360.00000  390.00000    0.02959
 360.00000  392.50000    0.02905
 360.00000  395.00000    0.03147
 360.00000  397.50000    0.03417
 360.00000  400.00000    0.03497
 360.00000  402.50000    0.03793
 360.00000  405.00000    0.04008
 360.00000  407.50000    0.04304
 360.00000  410.00000    0.04439
 360.00000  415.00000    0.04923
 370.00000  312.50000    0.05300
 370.00000  315.00000    0.05192
 370.00000  317.50000    0.05058
 370.00000  320.00000    0.05138
 370.00000  322.50000    0.05031
 370.00000  325.00000    0.04815
 370.00000  327.50000    0.04762
 370.00000  330.00000    0.04250
 370.00000  332.50000    0.04089
 370.00000  335.00000    0.03847
 370.00000  337.50000    0.03470
 370.00000  340.00000    0.03094
 370.00000  342.50000    0.03094
 370.00000  345.00000    0.02905
 370.00000  347.50000    0.02663
 370.00000  350.00000    0.02502
 370.00000  352.50000    0.02179
 370.00000  355.00000    0.02125
 370.00000  357.50000    0.02045
 370.00000  360.00000    0.01883
 370.00000  362.50000    0.01587
 370.00000  365.00000    0.01237
 370.00000  372.50000    0.01480
 370.00000  375.00000    0.01937
 370.00000  377.50000    0.01937
 370.00000  380.00000    0.02206
 370.00000  382.50000    0.02394
 370.00000  385.00000    0.02529
 370.00000  387.50000    0.02959
 370.00000  390.00000    0.02986
 370.00000  392.50000    0.02932
 370.00000  395.00000    0.03174
 370.00000  397.50000    0.03363
 370.00000  400.00000    0.03793
 370.00000  402.50000    0.04008
 370.00000  405.00000    0.04197
 370.00000  407.50000    0.04466
 370.00000  410.00000    0.04842
 370.00000  412.50000    0.05031
 370.00000  415.00000    0.05111
 370.00000  417.50000    0.05219
 370.00000  420.00000    0.05300
 370.00000  422.50000    0.05434
 370.00000  425.00000    0.05703
 370.00000  427.50000    0.05811
 370.00000  430.00000    0.05891
 370.00000  432.50000    0.05945
 370.00000  435.00000    0.06107
 370.00000  437.50000    0.06214
 370.00000  440.00000    0.06322
 370.00000  442.50000    0.06483
 370.00000  445.00000    0.06618
 370.00000  447.50000    0.06564
 370.00000  450.00000    0.06779
 370.00000  452.50000    0.06806
 380.00000  312.50000    0.04923
 380.00000  315.00000    0.04950
 380.00000  317.50000    0.04950
 380.00000  320.00000    0.04923
 380.00000  322.50000    0.04977
 380.00000  325.00000    0.04762
 380.00000  327.50000    0.04735
 380.00000  330.00000    0.04788
 380.00000  332.50000    0.04600
 380.00000  335.00000    0.04358
 380.00000  337.50000    0.04224
 380.00000  340.00000    0.03847
 380.00000  342.50000    0.03874
 380.00000  345.00000    0.03578
 380.00000  347.50000    0.03578
 380.00000  350.00000    0.03390
 380.00000  352.50000    0.03094
 380.00000  355.00000    0.03067
 380.00000  357.50000    0.03040
 380.00000  360.00000    0.02825
 380.00000  362.50000    0.02771
 380.00000  365.00000    0.02556
 380.00000  367.50000    0.02367
 380.00000  370.00000    0.01964
 380.00000  372.50000    0.01802
 380.00000  375.00000    0.01453
 380.00000  377.50000    0.01237
 380.00000  382.50000    0.01130
 380.00000  385.00000    0.01372
 380.00000  387.50000    0.01560
 380.00000  390.00000    0.01802
 380.00000  392.50000    0.01802
 380.00000  395.00000    0.02071
 380.00000  397.50000    0.02233
 380.00000  400.00000    0.02502
 380.00000  402.50000    0.02744
 380.00000  405.00000    0.02905
 380.00000  407.50000    0.03094
 380.00000  410.00000    0.03551
 380.00000  412.50000    0.03524
 380.00000  415.00000    0.03766
 380.00000  417.50000    0.03955
 380.00000  420.00000    0.04008
 380.00000  422.50000    0.04224
 380.00000  425.00000    0.04412
 380.00000  427.50000    0.04519
 380.00000  430.00000    0.04681
 380.00000  432.50000    0.04869
 380.00000  435.00000    0.05084
 380.00000  437.50000    0.05004
 380.00000  440.00000    0.05246
 380.00000  442.50000    0.05273
 380.00000  445.00000    0.05488
 380.00000  447.50000    0.05569
 380.00000  450.00000    0.05676
 380.00000  452.50000    0.05596
 380.00000  455.00000    0.05730
 380.00000  457.50000    0.05865
 380.00000  460.00000    0.05730
 380.00000  462.50000    0.05891
 380.00000  465.00000    0.05918
 380.00000  467.50000    0.05999
 390.00000  312.50000    0.04788
 390.00000  315.00000    0.04708
 390.00000  317.50000    0.04735
 390.00000  320.00000    0.04762
 390.00000  322.50000    0.04654
 390.00000  325.00000    0.04600
 390.00000  327.50000    0.04439
 390.00000  330.00000    0.04412
 390.00000  332.50000    0.04008
 390.00000  335.00000    0.04008
 390.00000  337.50000    0.03739
 390.00000  340.00000    0.03524
 390.00000  342.50000    0.03255
 390.00000  345.00000    0.03094
 390.00000  347.50000    0.03228
 390.00000  350.00000    0.03121
 390.00000  352.50000    0.03013
 390.00000  355.00000    0.03067
 390.00000  357.50000    0.03040
 390.00000  360.00000    0.02905
 390.00000  362.50000    0.02690
 390.00000  365.00000    0.02556
 390.00000  367.50000    0.02529
 390.00000  370.00000    0.02340
 390.00000  372.50000    0.02179
 390.00000  375.00000    0.02045
 390.00000  377.50000    0.01641
 390.00000  380.00000    0.01345
 390.00000  382.50000    0.01211
 390.00000  385.00000    0.00915
 390.00000  387.50000    0.00726
 390.00000  392.50000    0.00619
 390.00000  395.00000    0.00834
 390.00000  397.50000    0.01103
 390.00000  400.00000    0.01372
 390.00000  402.50000    0.01587
 390.00000  405.00000    0.01856
 390.00000  407.50000    0.02152
 390.00000  410.00000    0.02529
 390.00000  412.50000    0.02717
 390.00000  415.00000    0.02959
 390.00000  417.50000    0.02932
 390.00000  420.00000    0.03201
 390.00000  422.50000    0.03336
 390.00000  425.00000    0.03524
 390.00000  427.50000    0.03632
 390.00000  430.00000    0.03686
 390.00000  432.50000    0.03820
 390.00000  435.00000    0.04008
 390.00000  437.50000    0.04224
 390.00000  440.00000    0.04197
 390.00000  442.50000    0.04493
 390.00000  445.00000    0.04708
 390.00000  447.50000    0.04815
 390.00000  450.00000    0.04896
 390.00000  452.50000    0.05031
 390.00000  455.00000    0.04977
 390.00000  457.50000    0.05273
 390.00000  460.00000    0.05219
 390.00000  462.50000    0.05084
 390.00000  465.00000    0.05192
 400.00000  317.50000    0.05784
 400.00000  320.00000    0.05811
 400.00000  322.50000    0.05515
 400.00000  325.00000    0.05515
 400.00000  327.50000    0.05380
 400.00000  330.00000    0.05488
 400.00000  332.50000    0.05596
 400.00000  335.00000    0.05111
 400.00000  337.50000    0.05084
 400.00000  340.00000    0.04762
 400.00000  342.50000    0.04896
 400.00000  345.00000    0.04627
 400.00000  347.50000    0.04546
 400.00000  350.00000    0.04277
 400.00000  352.50000    0.04277
 400.00000  355.00000    0.04143
 400.00000  357.50000    0.04385
 400.00000  360.00000    0.04089
 400.00000  362.50000    0.04197
 400.00000  365.00000    0.03847
 400.00000  367.50000    0.03847
 400.00000  370.00000    0.03524
 400.00000  372.50000    0.03228
 400.00000  375.00000    0.03121
 400.00000  377.50000    0.02798
 400.00000  380.00000    0.02583
 400.00000  382.50000    0.02421
 400.00000  385.00000    0.02152
 400.00000  387.50000    0.02206
 400.00000  390.00000    0.01937
 400.00000  392.50000    0.01776
 400.00000  395.00000    0.01372
 400.00000  397.50000    0.01291
 400.00000  402.50000    0.01318
 400.00000  405.00000    0.01641
 400.00000  407.50000    0.01937
 400.00000  410.00000    0.02448
 400.00000  412.50000    0.02771
 400.00000  415.00000    0.02959
 400.00000  417.50000    0.02959
 400.00000  420.00000    0.03201
 400.00000  422.50000    0.03363
 400.00000  425.00000    0.03686
 400.00000  427.50000    0.03739
 400.00000  430.00000    0.04116
 400.00000  432.50000    0.04143
 400.00000  435.00000    0.04224
 400.00000  437.50000    0.04385
 400.00000  440.00000    0.04654
 400.00000  442.50000    0.04762
 400.00000  445.00000    0.04869
 400.00000  447.50000    0.04977
 400.00000  450.00000    0.05004
 400.00000  452.50000    0.05219
 400.00000  455.00000    0.05273
 400.00000  457.50000    0.05488
 400.00000  460.00000    0.05515
 400.00000  462.50000    0.05676
 400.00000  465.00000    0.05757
 400.00000  467.50000    0.05838
 410.00000  312.50000    0.06456
 410.00000  315.00000    0.06456
 410.00000  317.50000    0.06429
 410.00000  320.00000    0.06376
 410.00000  322.50000    0.06429
 410.00000  325.00000    0.06429
 410.00000  327.50000    0.06268
 410.00000  330.00000    0.06429
 410.00000  332.50000    0.06429
 410.00000  335.00000    0.06160
 410.00000  337.50000    0.06080
 410.00000  342.50000    0.05784
 410.00000  345.00000    0.05542
 410.00000  347.50000    0.05488
 410.00000  350.00000    0.05542
 410.00000  352.50000    0.05165
 410.00000  355.00000    0.05165
 410.00000  357.50000    0.05192
 410.00000  360.00000    0.05192
 410.00000  362.50000    0.05219
 410.00000  365.00000    0.04842
 410.00000  367.50000    0.04869
 410.00000  370.00000    0.04681
 410.00000  372.50000    0.04358
 410.00000  375.00000    0.04250
 410.00000  377.50000    0.03928
 410.00000  380.00000    0.03605
 410.00000  382.50000    0.03417
 410.00000  385.00000    0.03417
 410.00000  387.50000    0.03282
 410.00000  390.00000    0.02959
 410.00000  392.50000    0.02771
 410.00000  395.00000    0.02663
 410.00000  397.50000    0.02394
 410.00000  400.00000    0.02287
 410.00000  402.50000    0.02018
 410.00000  405.00000    0.01480
 410.00000  412.50000    0.00861
 410.00000  415.00000    0.01614
 410.00000  417.50000    0.01883
 410.00000  420.00000    0.02206
 410.00000  422.50000    0.02367
 410.00000  425.00000    0.02771
 410.00000  427.50000    0.02932
 410.00000  430.00000    0.03094
 410.00000  432.50000    0.03309
 410.00000  435.00000    0.03551
 410.00000  437.50000    0.03766
 410.00000  440.00000    0.03955
 410.00000  442.50000    0.04089
 410.00000  445.00000    0.04385
 410.00000  447.50000    0.04519
 410.00000  450.00000    0.04815
 410.00000  452.50000    0.04950
 410.00000  455.00000    0.04977
 410.00000  457.50000    0.05138
 410.00000  460.00000    0.05327
 410.00000  462.50000    0.05488
 410.00000  465.00000    0.05622
 410.00000  467.50000    0.05838
 410.00000  470.00000    0.06160
 410.00000  472.50000    0.06241
 410.00000  475.00000    0.06564
 410.00000  477.50000    0.06806
 420.00000  315.00000    0.07075
 420.00000  317.50000    0.06860
 420.00000  320.00000    0.06887
 420.00000  322.50000    0.06833
 420.00000  325.00000    0.06725
 420.00000  327.50000    0.06564
 420.00000  330.00000    0.06645
 420.00000  332.50000    0.06672
 420.00000  335.00000    0.06376
 420.00000  337.50000    0.06241
 420.00000  340.00000    0.05865
 420.00000  342.50000    0.05811
 420.00000  345.00000    0.05730
 420.00000  347.50000    0.05488
 420.00000  350.00000    0.05327
 420.00000  352.50000    0.05407
 420.00000  355.00000    0.05407
 420.00000  357.50000    0.05407
 420.00000  360.00000    0.05488
 420.00000  362.50000    0.05327
 420.00000  365.00000    0.05219
 420.00000  367.50000    0.05165
 420.00000  370.00000    0.04842
 420.00000  372.50000    0.04842
 420.00000  375.00000    0.04735
 420.00000  377.50000    0.04277
 420.00000  380.00000    0.04035
 420.00000  382.50000    0.03928
 420.00000  385.00000    0.03820
 420.00000  387.50000    0.03820
 420.00000  390.00000    0.03605
 420.00000  392.50000    0.03417
 420.00000  395.00000    0.03309
 420.00000  397.50000    0.03201
 420.00000  400.00000    0.03013
 420.00000  402.50000    0.02798
 420.00000  405.00000    0.02556
 420.00000  407.50000    0.02260
 420.00000  410.00000    0.02071
 420.00000  412.50000    0.01776
 420.00000  415.00000    0.01480
 420.00000  417.50000    0.01076
 420.00000  422.50000    0.01076
 420.00000  425.00000    0.01533
 420.00000  427.50000    0.01883
 420.00000  430.00000    0.02071
 420.00000  432.50000    0.02340
 420.00000  435.00000    0.02502
 420.00000  437.50000    0.02717
 420.00000  440.00000    0.02959
 420.00000  442.50000    0.03255
 420.00000  445.00000    0.03417
 420.00000  447.50000    0.03605
 420.00000  450.00000    0.04008
 420.00000  452.50000    0.04170
 420.00000  455.00000    0.04224
 420.00000  457.50000    0.04519
 420.00000  460.00000    0.04627
 420.00000  462.50000    0.04815
 420.00000  465.00000    0.04977
 420.00000  467.50000    0.05380
 420.00000  470.00000    0.05730
 420.00000  472.50000    0.05945
 420.00000  475.00000    0.06053
 420.00000  477.50000    0.06456
 430.00000  315.00000    0.07317
 430.00000  317.50000    0.07183
 430.00000  320.00000    0.07210
 430.00000  322.50000    0.07183
 430.00000  325.00000    0.06994
 430.00000  327.50000    0.06941
 430.00000  330.00000    0.06968
 430.00000  332.50000    0.06941
 430.00000  335.00000    0.06860
 430.00000  337.50000    0.06672
 430.00000  340.00000    0.06510
 430.00000  342.50000    0.06376
 430.00000  345.00000    0.06268
 430.00000  347.50000    0.06107
 430.00000  350.00000    0.05945
 430.00000  352.50000    0.05730
 430.00000  355.00000    0.05757
 430.00000  357.50000    0.05865
 430.00000  360.00000    0.05972
 430.00000  362.50000    0.05972
 430.00000  365.00000    0.05703
 430.00000  367.50000    0.05703
 430.00000  370.00000    0.05596
 430.00000  372.50000    0.05434
 430.00000  375.00000    0.05219
 430.00000  377.50000    0.05004
 430.00000  380.00000    0.04815
 430.00000  382.50000    0.04546
 430.00000  385.00000    0.04412
 430.00000  387.50000    0.04412
 430.00000  390.00000    0.04304
 430.00000  392.50000    0.04008
 430.00000  395.00000    0.04035
 430.00000  397.50000    0.04035
 430.00000  400.00000    0.03874
 430.00000  402.50000    0.03605
 430.00000  405.00000    0.03470
 430.00000  407.50000    0.03201
 430.00000  410.00000    0.03013
 430.00000  412.50000    0.02744
 430.00000  415.00000    0.02583
 430.00000  417.50000    0.02287
 430.00000  420.00000    0.02152
 430.00000  422.50000    0.01991
 430.00000  425.00000    0.01560
 430.00000  427.50000    0.01264
 430.00000  432.50000    0.01237
 430.00000  435.00000    0.01695
 430.00000  437.50000    0.01910
 430.00000  440.00000    0.02314
 430.00000  442.50000    0.02502
 430.00000  445.00000    0.02690
 430.00000  447.50000    0.02986
 430.00000  450.00000    0.03201
 430.00000  452.50000    0.03497
 430.00000  455.00000    0.03632
 430.00000  457.50000    0.03955
 430.00000  460.00000    0.04143
 430.00000  462.50000    0.04385
 430.00000  465.00000    0.04546
 430.00000  467.50000    0.04923
 430.00000  470.00000    0.05353
 430.00000  472.50000    0.05730
 430.00000  475.00000    0.05865
 430.00000  477.50000    0.06295
 440.00000  312.50000    0.07344
 440.00000  315.00000    0.07317
 440.00000  317.50000    0.07452
 440.00000  320.00000    0.07559
 440.00000  322.50000    0.07452
 440.00000  325.00000    0.07344
 440.00000  327.50000    0.07425
 440.00000  330.00000    0.07344
 440.00000  332.50000    0.07425
 440.00000  335.00000    0.07048
 440.00000  337.50000    0.07075
 440.00000  340.00000    0.06887
 440.00000  342.50000    0.06860
 440.00000  345.00000    0.06645
 440.00000  347.50000    0.06510
 440.00000  350.00000    0.06322
 440.00000  352.50000    0.06241
 440.00000  355.00000    0.06403
 440.00000  357.50000    0.06510
 440.00000  360.00000    0.06510
 440.00000  362.50000    0.06645
 440.00000  365.00000    0.06214
 440.00000  367.50000    0.06295
 440.00000  370.00000    0.06268
 440.00000  372.50000    0.05945
 440.00000  375.00000    0.05999
 440.00000  377.50000    0.05649
 440.00000  380.00000    0.05327
 440.00000  382.50000    0.05246
 440.00000  385.00000    0.05084
 440.00000  387.50000    0.05111
 440.00000  390.00000    0.04815
 440.00000  392.50000    0.04600
 440.00000  395.00000    0.04788
 440.00000  397.50000    0.04627
 440.00000  400.00000    0.04869
 440.00000  402.50000    0.04519
 440.00000  405.00000    0.04412
 440.00000  407.50000    0.04062
 440.00000  410.00000    0.03928
 440.00000  412.50000    0.03739
 440.00000  415.00000    0.03363
 440.00000  417.50000    0.03201
 440.00000  420.00000    0.02959
 440.00000  422.50000    0.02905
 440.00000  425.00000    0.02771
 440.00000  427.50000    0.02636
 440.00000  430.00000    0.02206
 440.00000  432.50000    0.01829
 440.00000  435.00000    0.01506
 440.00000  437.50000    0.01130
 440.00000  445.00000    0.01695
 440.00000  447.50000    0.01964
 440.00000  450.00000    0.02340
 440.00000  452.50000    0.02636
 440.00000  455.00000    0.02771
 440.00000  457.50000    0.03094
 440.00000  460.00000    0.03282
 440.00000  462.50000    0.03578
 440.00000  465.00000    0.03820
 440.00000  467.50000    0.04224
 440.00000  470.00000    0.04573
 440.00000  472.50000    0.04869
 440.00000  475.00000    0.05165
 440.00000  477.50000    0.05622
 450.00000  312.50000    0.07532
 450.00000  315.00000    0.07506
 450.00000  317.50000    0.07506
 450.00000  320.00000    0.07640
 450.00000  322.50000    0.07479
 450.00000  325.00000    0.07290
 450.00000  327.50000    0.07452
 450.00000  330.00000    0.07425
 450.00000  332.50000    0.07371
 450.00000  335.00000    0.07290
 450.00000  337.50000    0.07075
 450.00000  340.00000    0.06860
 450.00000  342.50000    0.06968
 450.00000  345.00000    0.06672
 450.00000  347.50000    0.06591
 450.00000  350.00000    0.06672
 450.00000  352.50000    0.06483
 450.00000  355.00000    0.06564
 450.00000  357.50000    0.06806
 450.00000  360.00000    0.06752
 450.00000  362.50000    0.06887
 450.00000  365.00000    0.06537
 450.00000  367.50000    0.06618
 450.00000  370.00000    0.06672
 450.00000  372.50000    0.06403
 450.00000  375.00000    0.06349
 450.00000  377.50000    0.06107
 450.00000  380.00000    0.05865
 450.00000  382.50000    0.05811
 450.00000  385.00000    0.05730
 450.00000  387.50000    0.05703
 450.00000  390.00000    0.05569
 450.00000  392.50000    0.05300
 450.00000  395.00000    0.05353
 450.00000  397.50000    0.05219
 450.00000  400.00000    0.05165
 450.00000  402.50000    0.05165
 450.00000  405.00000    0.05111
 450.00000  407.50000    0.04842
 450.00000  410.00000    0.04842
 450.00000  412.50000    0.04546
 450.00000  415.00000    0.04439
 450.00000  417.50000    0.04224
 450.00000  420.00000    0.04035
 450.00000  422.50000    0.03793
 450.00000  425.00000    0.03712
 450.00000  427.50000    0.03524
 450.00000  430.00000    0.03336
 450.00000  432.50000    0.02878
 450.00000  435.00000    0.02690
 450.00000  437.50000    0.02367
 450.00000  440.00000    0.02125
 450.00000  442.50000    0.01829
 450.00000  445.00000    0.01372
 450.00000  447.50000    0.01103
 450.00000  452.50000    0.01211
 450.00000  455.00000    0.01291
 450.00000  457.50000    0.01856
 450.00000  460.00000    0.01964
 450.00000  462.50000    0.02421
 450.00000  465.00000    0.02583
 450.00000  467.50000    0.03013
 450.00000  470.00000    0.03524
 450.00000  472.50000    0.03766
 450.00000  475.00000    0.03955
 450.00000  477.50000    0.04466
 460.00000  335.00000    0.07290
 460.00000  337.50000    0.07210
 460.00000  340.00000    0.07102
 460.00000  342.50000    0.06887
 460.00000  345.00000    0.06699
 460.00000  347.50000    0.06779
 460.00000  350.00000    0.06510
 460.00000  352.50000    0.06510
 460.00000  355.00000    0.06591
 460.00000  357.50000    0.06860
 460.00000  360.00000    0.06860
 460.00000  362.50000    0.06887
 460.00000  365.00000    0.06645
 460.00000  367.50000    0.06779
 460.00000  370.00000    0.06645
 460.00000  372.50000    0.06483
 460.00000  375.00000    0.06645
 460.00000  377.50000    0.06456
 460.00000  380.00000    0.06268
 460.00000  382.50000    0.06134
 460.00000  385.00000    0.05945
 460.00000  387.50000    0.06053
 460.00000  390.00000    0.05838
 460.00000  392.50000    0.05649
 460.00000  395.00000    0.05757
 460.00000  397.50000    0.05676
 460.00000  400.00000    0.05703
 460.00000  402.50000    0.05999
 460.00000  405.00000    0.05972
 460.00000  407.50000    0.05838
 460.00000  410.00000    0.05757
 460.00000  412.50000    0.05542
 460.00000  415.00000    0.05300
 460.00000  417.50000    0.04950
 460.00000  420.00000    0.04923
 460.00000  422.50000    0.04788
 460.00000  425.00000    0.04681
 460.00000  427.50000    0.04573
 460.00000  430.00000    0.04250
 460.00000  432.50000    0.03981
 460.00000  435.00000    0.03847
 460.00000  437.50000    0.03551
 460.00000  440.00000    0.03363
 460.00000  442.50000    0.03040
 460.00000  445.00000    0.02798
 460.00000  447.50000    0.02421
 460.00000  450.00000    0.02071
 460.00000  452.50000    0.01910
 460.00000  455.00000    0.01614
 460.00000  457.50000    0.01426
 460.00000  462.50000    0.01318
 460.00000  465.00000    0.01641
 460.00000  467.50000    0.02071
 460.00000  470.00000    0.02421
 460.00000  472.50000    0.02771
 460.00000  475.00000    0.03121
 460.00000  477.50000    0.03443
 470.00000  322.50000    0.07721
 470.00000  325.00000    0.07613
 470.00000  327.50000    0.07586
 470.00000  330.00000    0.07640
 470.00000  332.50000    0.07506
 470.00000  335.00000    0.07290
 470.00000  337.50000    0.07183
 470.00000  340.00000    0.07102
 470.00000  342.50000    0.06968
 470.00000  345.00000    0.06833
 470.00000  347.50000    0.06672
 470.00000  350.00000    0.06483
 470.00000  352.50000    0.06672
 470.00000  355.00000    0.06645
 470.00000  357.50000    0.06914
 470.00000  360.00000    0.07075
 470.00000  362.50000    0.06968
 470.00000  365.00000    0.06806
 470.00000  367.50000    0.06914
 470.00000  370.00000    0.06833
 470.00000  372.50000    0.06752
 470.00000  375.00000    0.06941
 470.00000  377.50000    0.06699
 470.00000  380.00000    0.06591
 470.00000  382.50000    0.06510
 470.00000  385.00000    0.06403
 470.00000  387.50000    0.06429
 470.00000  390.00000    0.06403
 470.00000  392.50000    0.06160
 470.00000  395.00000    0.06241
 470.00000  397.50000    0.06187
 470.00000  402.50000    0.06403
 470.00000  405.00000    0.06564
 470.00000  407.50000    0.06429
 470.00000  410.00000    0.06349
 470.00000  412.50000    0.06376
 470.00000  415.00000    0.06268
 470.00000  417.50000    0.05972
 470.00000  420.00000    0.05838
 470.00000  422.50000    0.05703
 470.00000  425.00000    0.05703
 470.00000  427.50000    0.05488
 470.00000  430.00000    0.05353
 470.00000  432.50000    0.05246
 470.00000  435.00000    0.04950
 470.00000  437.50000    0.04600
 470.00000  440.00000    0.04573
 470.00000  442.50000    0.04331
 470.00000  445.00000    0.04089
 470.00000  447.50000    0.03820
 470.00000  450.00000    0.03470
 470.00000  452.50000    0.03282
 470.00000  455.00000    0.02986
 470.00000  457.50000    0.02771
 470.00000  460.00000    0.02394
 470.00000  462.50000    0.02045
 470.00000  465.00000    0.01614
 470.00000  467.50000    0.01426
 470.00000  472.50000    0.01453
 470.00000  475.00000    0.02179
 470.00000  477.50000    0.02314
 477.00000  327.50000    0.07479
 477.00000  330.00000    0.07506
 477.00000  332.50000    0.07425
 477.00000  335.00000    0.07237
 477.00000  337.50000    0.07210
 477.00000  340.00000    0.07102
 477.00000  342.50000    0.06914
 477.00000  345.00000    0.06806
 477.00000  347.50000    0.06564
 477.00000  350.00000    0.06456
 477.00000  352.50000    0.06403
 477.00000  355.00000    0.06725
 477.00000  357.50000    0.06752
 477.00000  360.00000    0.06699
 477.00000  362.50000    0.06564
 477.00000  365.00000    0.06537
 477.00000  367.50000    0.06699
 477.00000  370.00000    0.06752
 477.00000  372.50000    0.06699
 477.00000  375.00000    0.06645
 477.00000  377.50000    0.06483
 477.00000  380.00000    0.06322
 477.00000  382.50000    0.06295
 477.00000  385.00000    0.06187
 477.00000  387.50000    0.06295
 477.00000  390.00000    0.06537
 477.00000  392.50000    0.06429
 477.00000  397.50000    0.06806
 477.00000  402.50000    0.06968
 477.00000  405.00000    0.07075
 477.00000  407.50000    0.06779
 477.00000  410.00000    0.06779
 477.00000  412.50000    0.06860
 477.00000  415.00000    0.06887
 477.00000  417.50000    0.06725
 477.00000  420.00000    0.06483
 477.00000  422.50000    0.06618
 477.00000  425.00000    0.06483
 477.00000  427.50000    0.06376
 477.00000  430.00000    0.06187
 477.00000  432.50000    0.05891
 477.00000  435.00000    0.05811
 477.00000  437.50000    0.05596
 477.00000  440.00000    0.05300
 477.00000  442.50000    0.05219
 477.00000  445.00000    0.04896
 477.00000  447.50000    0.04681
 477.00000  450.00000    0.04493
 477.00000  452.50000    0.04224
 477.00000  455.00000    0.03847
 477.00000  457.50000    0.03551
 477.00000  460.00000    0.03282
 477.00000  462.50000    0.02905
 477.00000  465.00000    0.02583
 477.00000  467.50000    0.02475
 477.00000  470.00000    0.02179
 477.00000  472.50000    0.01587
