191 # geophone locations
0.0 169.17
2.5 169.25
5.0 169.41
7.5 169.56
10.0 169.62
12.5 169.79
15.0 169.94
17.5 170.04
20.0 170.11
22.5 170.18
25.0 170.3
27.5 170.33
30.0 170.34
32.5 170.31
35.0 170.24
37.5 170.11
40.0 169.94
42.5 169.59
45.0 169.26
47.5 168.92
50.0 168.59
52.5 168.18
55.0 167.79
57.5 167.58
60.0 167.43
62.5 166.86
65.0 166.26
67.5 165.56
70.0 164.92
72.5 164.34
75.0 163.63
77.5 163.01
80.0 162.19
82.5 161.27
85.0 160.4
87.5 159.49
90.0 158.98
92.5 158.92
95.0 158.65
97.5 159.4
100.0 159.55
102.5 159.79
105.0 160.24
107.5 160.81
110.0 161.56
112.5 162.26
115.0 162.65
117.5 163.13
120.0 163.71
122.5 164.05
125.0 164.23
127.5 164.67
130.0 165.19
132.5 165.45
135.0 165.41
137.5 165.45
140.0 165.55
142.5 165.6
145.0 165.62
147.5 165.67
150.0 165.74
152.5 165.81
155.0 166.0
157.5 166.23
160.0 166.31
162.5 166.52
165.0 166.71
167.5 166.73
170.0 166.94
172.5 167.01
175.0 167.19
177.5 167.39
180.0 167.52
182.5 167.69
185.0 167.75
187.5 167.97
190.0 168.14
192.5 168.31
195.0 168.55
197.5 168.58
200.0 168.59
202.5 168.54
205.0 168.48
207.5 168.34
210.0 168.15
212.5 167.89
215.0 167.6
217.5 167.02
220.0 165.97
222.5 165.54
225.0 165.31
227.5 164.81
230.0 164.0
232.5 162.98
235.0 162.01
237.5 160.98
240.0 160.18
242.5 159.22
245.0 158.37
247.5 157.15
250.0 155.79
252.5 154.43
255.0 153.33
257.5 152.32
260.0 151.87
262.5 151.56
265.0 150.98
267.5 149.26
270.0 150.7
272.5 151.21
275.0 151.47
277.5 151.81
280.0 152.28
282.5 152.71
285.0 153.1
287.5 153.5
290.0 153.75
292.5 154.21
295.0 154.85
297.5 155.41
300.0 155.9
302.5 156.38
305.0 156.71
307.5 156.97
310.0 157.17
312.5 157.35
315.0 157.42
317.5 157.51
320.0 157.63
322.5 157.81
325.0 158.05
327.5 158.01
330.0 157.93
332.5 157.93
335.0 157.89
337.5 157.67
340.0 157.76
342.5 157.73
345.0 157.66
347.5 157.72
350.0 158.06
352.5 158.23
355.0 158.43
357.5 158.53
360.0 158.64
362.5 158.74
365.0 158.96
367.5 159.12
370.0 159.32
372.5 159.46
375.0 159.68
377.5 159.9
380.0 159.82
382.5 159.99
385.0 160.69
387.5 161.14
390.0 161.51
392.5 161.85
395.0 162.19
397.5 162.51
400.0 162.8
402.5 163.03
405.0 163.21
407.5 163.37
410.0 163.49
412.5 163.63
415.0 163.62
417.5 163.58
420.0 163.49
422.5 163.48
425.0 163.47
427.5 163.45
430.0 163.32
432.5 163.14
435.0 162.89
437.5 162.59
440.0 162.42
442.5 162.14
445.0 161.82
447.5 161.57
450.0 161.26
452.5 161.0
455.0 160.74
457.5 160.44
460.0 160.08
462.5 159.77
465.0 159.46
467.5 159.02
470.0 158.58
472.5 158.22
475.0 157.76
2564 #measurements
#s g t err
   1    2 0.00440 0.00503 
   1    2 0.00947 0.00503 
   1    3 0.01418 0.00505 
   1    4 0.01529 0.00508 
   1    5 0.01917 0.00511 
   1    6 0.02305 0.00513 
   1    7 0.02471 0.00516 
   1    8 0.02637 0.00518 
   1    9 0.02748 0.00521 
   1   10 0.02748 0.00524 
   1   11 0.02887 0.00526 
   1   12 0.02942 0.00529 
   1   13 0.02887 0.00532 
   1   14 0.03191 0.00534 
   1   15 0.03607 0.00537 
   1   16 0.03773 0.00539 
   1   17 0.04217 0.00542 
   1   18 0.04466 0.00545 
   1   19 0.04604 0.00547 
   1   20 0.05048 0.00550 
   1   21 0.04909 0.00553 
   1   22 0.04660 0.00555 
   1   23 0.04632 0.00558 
   1   24 0.04577 0.00561 
   1   25 0.04632 0.00563 
   1   26 0.04549 0.00566 
   1   27 0.04937 0.00568 
   1   28 0.04854 0.00571 
   1   29 0.04466 0.00574 
   1   30 0.04604 0.00576 
   1   31 0.04660 0.00579 
   1   32 0.04688 0.00582 
   1   33 0.04965 0.00584 
   1   34 0.04965 0.00587 
   1   35 0.04937 0.00589 
   1   36 0.04826 0.00592 
   1   37 0.05103 0.00595 
   1   38 0.04992 0.00597 
   1   39 0.05159 0.00600 
   1   41 0.05269 0.00605 
   1   42 0.05159 0.00608 
   1   43 0.05214 0.00611 
   1   44 0.05269 0.00613 
   1   45 0.05159 0.00616 
   1   47 0.05990 0.00621 
   1   48 0.06073 0.00624 
   1   49 0.06544 0.00626 
   1   50 0.06322 0.00629 
   1   51 0.06683 0.00632 
   1   52 0.06849 0.00634 
   1   53 0.07403 0.00637 
   1   54 0.07264 0.00639 
   1   55 0.06960 0.00642 
   1   56 0.06793 0.00645 
   1   57 0.06710 0.00647 
   1   58 0.06849 0.00650 
   1   59 0.06683 0.00653 
   1   60 0.06655 0.00655 
   1   61 0.06572 0.00658 
   1   63 0.06877 0.00663 
   1   64 0.06793 0.00666 
   1   65 0.06932 0.00668 
   1   66 0.07209 0.00671 
   1   67 0.07237 0.00674 
   1   68 0.07348 0.00676 
   1   69 0.07181 0.00679 
   1   70 0.07320 0.00682 
   1   71 0.07320 0.00684 
   1   72 0.07126 0.00687 
   1   73 0.07348 0.00689 
   1   74 0.07597 0.00692 
   1   75 0.08040 0.00695 
   1   76 0.08068 0.00697 
   1   77 0.07902 0.00700 
   1   78 0.08123 0.00703 
   1   81 0.07947 0.00711 
   1   84 0.08307 0.00718 
   1   87 0.08556 0.00726 
   1   88 0.08889 0.00729 
   1   89 0.09110 0.00732 
   1   90 0.09138 0.00734 
   1   91 0.08307 0.00737 
   1   92 0.08307 0.00739 
   1   94 0.08722 0.00745 
   1   95 0.08445 0.00747 
   5    1 0.01856 0.00511 
   5    2 0.01587 0.00508 
   5    3 0.01345 0.00505 
   5    6 0.00942 0.00503 
   5    7 0.01211 0.00505 
   5    8 0.01587 0.00508 
   5    9 0.01829 0.00511 
   5   10 0.02045 0.00513 
   5   11 0.02206 0.00516 
   5   12 0.02340 0.00518 
   5   13 0.02421 0.00521 
   5   14 0.02905 0.00524 
   5   16 0.03309 0.00529 
   5   17 0.03712 0.00532 
   5   18 0.03955 0.00534 
   5   19 0.04170 0.00537 
   5   20 0.04412 0.00539 
   5   21 0.04815 0.00542 
   5   22 0.04923 0.00545 
   5   23 0.04627 0.00547 
   5   24 0.04331 0.00550 
   5   25 0.04331 0.00553 
   5   26 0.04412 0.00555 
   5   27 0.04466 0.00558 
   5   28 0.04358 0.00561 
   5   29 0.04385 0.00563 
   5   30 0.04304 0.00566 
   5   31 0.04573 0.00568 
   5   32 0.04493 0.00571 
   5   33 0.04573 0.00574 
   5   34 0.04788 0.00576 
   5   35 0.04600 0.00579 
   5   36 0.04896 0.00582 
   5   37 0.04681 0.00584 
   5   38 0.04573 0.00587 
   5   39 0.04842 0.00589 
   5   41 0.04977 0.00595 
   5   45 0.05004 0.00605 
   5   49 0.05649 0.00616 
   5   50 0.06187 0.00618 
   5   51 0.06160 0.00621 
   5   52 0.06322 0.00624 
   5   53 0.06241 0.00626 
   5   54 0.06187 0.00629 
   5   55 0.06672 0.00632 
   5   56 0.06779 0.00634 
   5   57 0.06887 0.00637 
   5   58 0.06618 0.00639 
   5   59 0.06887 0.00642 
   9    1 0.02771 0.00521 
   9    2 0.02717 0.00518 
   9    3 0.02529 0.00516 
   9    5 0.01856 0.00511 
   9    6 0.01695 0.00508 
   9    7 0.01372 0.00505 
   9    8 0.00753 0.00503 
   9   10 0.00673 0.00503 
   9   11 0.01211 0.00505 
   9   12 0.01480 0.00508 
   9   13 0.01695 0.00511 
   9   14 0.02045 0.00513 
   9   15 0.02421 0.00516 
   9   16 0.02583 0.00518 
   9   17 0.03040 0.00521 
   9   18 0.03390 0.00524 
   9   19 0.03739 0.00526 
   9   20 0.04035 0.00529 
   9   21 0.04358 0.00532 
   9   22 0.04358 0.00534 
   9   23 0.04412 0.00537 
   9   24 0.04358 0.00539 
   9   25 0.04412 0.00542 
   9   26 0.04546 0.00545 
   9   27 0.04439 0.00547 
   9   28 0.04493 0.00550 
   9   29 0.04277 0.00553 
   9   30 0.04277 0.00555 
   9   31 0.04385 0.00558 
   9   32 0.04493 0.00561 
   9   33 0.04466 0.00563 
   9   34 0.04708 0.00566 
   9   35 0.04735 0.00568 
   9   36 0.04600 0.00571 
   9   37 0.04735 0.00574 
   9   38 0.04654 0.00576 
   9   39 0.04735 0.00579 
   9   41 0.05138 0.00584 
   9   42 0.04923 0.00587 
   9   43 0.04977 0.00589 
   9   44 0.05004 0.00592 
   9   45 0.05165 0.00595 
  13    1 0.02870 0.00532 
  13    2 0.02983 0.00529 
  13    3 0.03077 0.00526 
  13    4 0.02908 0.00524 
  13    5 0.02475 0.00521 
  13    9 0.01485 0.00511 
  13   10 0.01228 0.00508 
  13   11 0.00968 0.00505 
  13   12 0.00760 0.00503 
  13   15 0.01269 0.00505 
  13   16 0.01552 0.00508 
  13   17 0.02192 0.00511 
  13   18 0.02569 0.00513 
  13   19 0.03021 0.00516 
  13   20 0.03416 0.00518 
  13   21 0.03755 0.00521 
  13   22 0.03981 0.00524 
  13   23 0.04056 0.00526 
  17    1 0.04250 0.00542 
  17    2 0.04331 0.00539 
  17    3 0.04439 0.00537 
  17    4 0.04197 0.00534 
  17    5 0.03820 0.00532 
  17    6 0.03874 0.00529 
  17    7 0.03470 0.00526 
  17    8 0.03390 0.00524 
  17    9 0.03067 0.00521 
  17   10 0.02502 0.00518 
  17   11 0.02421 0.00516 
  17   12 0.02233 0.00513 
  17   13 0.02179 0.00511 
  17   14 0.01722 0.00508 
  17   15 0.01345 0.00505 
  17   16 0.00780 0.00503 
  17   18 0.01103 0.00503 
  17   19 0.01991 0.00505 
  17   20 0.02233 0.00508 
  17   21 0.02636 0.00511 
  17   22 0.02771 0.00513 
  17   23 0.03390 0.00516 
  17   24 0.03766 0.00518 
  17   25 0.04439 0.00521 
  17   27 0.04304 0.00526 
  17   28 0.04277 0.00529 
  17   29 0.04250 0.00532 
  17   30 0.04546 0.00534 
  17   31 0.04412 0.00537 
  17   32 0.04493 0.00539 
  17   33 0.04708 0.00542 
  17   34 0.04842 0.00545 
  17   35 0.04708 0.00547 
  17   36 0.04735 0.00550 
  17   37 0.04735 0.00553 
  17   38 0.04977 0.00555 
  17   39 0.05058 0.00558 
  17   40 0.05838 0.00561 
  17   41 0.05192 0.00563 
  17   42 0.05246 0.00566 
  17   43 0.05407 0.00568 
  17   44 0.05542 0.00571 
  21    1 0.05327 0.00553 
  21    2 0.05407 0.00550 
  21    3 0.05219 0.00547 
  21    4 0.05407 0.00545 
  21    5 0.04950 0.00542 
  21    6 0.04869 0.00539 
  21    7 0.04627 0.00537 
  21    8 0.04466 0.00534 
  21    9 0.04250 0.00532 
  21   10 0.03901 0.00529 
  21   11 0.03847 0.00526 
  21   12 0.03686 0.00524 
  21   13 0.03793 0.00521 
  21   14 0.03390 0.00518 
  21   15 0.03390 0.00516 
  21   16 0.03094 0.00513 
  21   17 0.02717 0.00511 
  21   18 0.02287 0.00508 
  21   19 0.01560 0.00505 
  21   20 0.00995 0.00503 
  21   22 0.00888 0.00503 
  21   23 0.01318 0.00505 
  21   24 0.01910 0.00508 
  21   25 0.02367 0.00511 
  21   26 0.02771 0.00513 
  21   27 0.03228 0.00516 
  21   28 0.03578 0.00518 
  21   29 0.03363 0.00521 
  21   30 0.03336 0.00524 
  21   31 0.03551 0.00526 
  21   32 0.03578 0.00529 
  21   33 0.03766 0.00532 
  21   34 0.03955 0.00534 
  21   35 0.04062 0.00537 
  21   36 0.03955 0.00539 
  21   37 0.04143 0.00542 
  21   38 0.04089 0.00545 
  21   39 0.04331 0.00547 
  21   41 0.04708 0.00553 
  21   42 0.04708 0.00555 
  21   43 0.04762 0.00558 
  21   44 0.05192 0.00561 
  21   45 0.05084 0.00563 
  21   46 0.05111 0.00566 
  21   47 0.05515 0.00568 
  21   48 0.05972 0.00571 
  25    5 0.04842 0.00553 
  25    6 0.05031 0.00550 
  25    7 0.04762 0.00547 
  25    8 0.04735 0.00545 
  25    9 0.04412 0.00542 
  25   10 0.04519 0.00539 
  25   11 0.04250 0.00537 
  25   12 0.04385 0.00534 
  25   13 0.04735 0.00532 
  25   14 0.04385 0.00529 
  25   15 0.04654 0.00526 
  25   16 0.04250 0.00524 
  25   17 0.04062 0.00521 
  25   18 0.03901 0.00518 
  25   19 0.03390 0.00516 
  25   20 0.03067 0.00513 
  25   21 0.02502 0.00511 
  25   22 0.01991 0.00508 
  25   23 0.01614 0.00505 
  25   24 0.01318 0.00503 
  25   26 0.01345 0.00503 
  25   27 0.02018 0.00505 
  25   28 0.02206 0.00508 
  25   29 0.02287 0.00511 
  25   30 0.02502 0.00513 
  25   31 0.02636 0.00516 
  25   32 0.02905 0.00518 
  25   33 0.03121 0.00521 
  25   34 0.03390 0.00524 
  25   35 0.03309 0.00526 
  25   36 0.03605 0.00529 
  25   37 0.03551 0.00532 
  25   38 0.03632 0.00534 
  25   39 0.03793 0.00537 
  25   41 0.04143 0.00542 
  25   42 0.04089 0.00545 
  25   43 0.04224 0.00547 
  25   44 0.04304 0.00550 
  25   45 0.04439 0.00553 
  25   47 0.04735 0.00558 
  25   48 0.04896 0.00561 
  25   49 0.05380 0.00563 
  25   50 0.05327 0.00566 
  25   51 0.05488 0.00568 
  25   52 0.05703 0.00571 
  25   53 0.05999 0.00574 
  25   54 0.05784 0.00576 
  29    1 0.04519 0.00574 
  29    2 0.04869 0.00571 
  29    3 0.04627 0.00568 
  29    5 0.04439 0.00563 
  29    6 0.04815 0.00561 
  29    7 0.04654 0.00558 
  29    8 0.04654 0.00555 
  29    9 0.04331 0.00553 
  29   10 0.04008 0.00550 
  29   11 0.04008 0.00547 
  29   12 0.03955 0.00545 
  29   14 0.04170 0.00539 
  29   15 0.04143 0.00537 
  29   16 0.04143 0.00534 
  29   17 0.04224 0.00532 
  29   18 0.04035 0.00529 
  29   19 0.03793 0.00526 
  29   20 0.03632 0.00524 
  29   21 0.03390 0.00521 
  29   22 0.02905 0.00518 
  29   23 0.02609 0.00516 
  29   24 0.02260 0.00513 
  29   25 0.02071 0.00511 
  29   26 0.01964 0.00508 
  29   27 0.01506 0.00505 
  29   28 0.01211 0.00503 
  29   30 0.00968 0.00503 
  29   31 0.01560 0.00505 
  29   32 0.01749 0.00508 
  29   33 0.02125 0.00511 
  29   34 0.02475 0.00513 
  29   35 0.02502 0.00516 
  29   36 0.02609 0.00518 
  29   37 0.02771 0.00521 
  29   38 0.02878 0.00524 
  29   39 0.02986 0.00526 
  29   40 0.03282 0.00529 
  29   41 0.03417 0.00532 
  29   42 0.03336 0.00534 
  29   43 0.03443 0.00537 
  29   44 0.03443 0.00539 
  29   45 0.03686 0.00542 
  29   46 0.03955 0.00545 
  29   47 0.04170 0.00547 
  29   48 0.04331 0.00550 
  29   49 0.04493 0.00553 
  29   50 0.04654 0.00555 
  29   51 0.04842 0.00558 
  29   52 0.04923 0.00561 
  29   53 0.05192 0.00563 
  29   54 0.05111 0.00566 
  29   55 0.05488 0.00568 
  33    1 0.04950 0.00584 
  33    2 0.04842 0.00582 
  33    3 0.04896 0.00579 
  33    5 0.04573 0.00574 
  33    6 0.04654 0.00571 
  33    7 0.04654 0.00568 
  33    8 0.04708 0.00566 
  33    9 0.04519 0.00563 
  33   10 0.04600 0.00561 
  33   11 0.04493 0.00558 
  33   12 0.04466 0.00555 
  33   13 0.04546 0.00553 
  33   14 0.04546 0.00550 
  33   15 0.04627 0.00547 
  33   16 0.04493 0.00545 
  33   17 0.04654 0.00542 
  33   18 0.04466 0.00539 
  33   19 0.04224 0.00537 
  33   20 0.04304 0.00534 
  33   21 0.04035 0.00532 
  33   22 0.03551 0.00529 
  33   23 0.03255 0.00526 
  33   24 0.02986 0.00524 
  33   25 0.02905 0.00521 
  33   26 0.02663 0.00518 
  33   27 0.02609 0.00516 
  33   28 0.02233 0.00513 
  33   29 0.02018 0.00511 
  33   30 0.01722 0.00508 
  33   31 0.01399 0.00505 
  33   35 0.01776 0.00505 
  33   36 0.02314 0.00508 
  33   37 0.02394 0.00511 
  33   38 0.02556 0.00513 
  33   39 0.02986 0.00516 
  33   41 0.03255 0.00521 
  33   42 0.03363 0.00524 
  33   43 0.03363 0.00526 
  33   44 0.03470 0.00529 
  33   45 0.03524 0.00532 
  33   46 0.03928 0.00534 
  33   47 0.04089 0.00537 
  33   48 0.04358 0.00539 
  33   49 0.04466 0.00542 
  33   50 0.04546 0.00545 
  33   51 0.04762 0.00547 
  33   52 0.04896 0.00550 
  33   53 0.05192 0.00553 
  33   54 0.05111 0.00555 
  33   55 0.05084 0.00558 
  33   56 0.05138 0.00561 
  33   57 0.05031 0.00563 
  33   58 0.05031 0.00566 
  33   59 0.05138 0.00568 
  33   61 0.05300 0.00574 
  33   62 0.05219 0.00576 
  33   63 0.05111 0.00579 
  33   64 0.05004 0.00582 
  33   65 0.05353 0.00584 
  33   66 0.05488 0.00587 
  33   67 0.05461 0.00589 
  33   68 0.05515 0.00592 
  33   69 0.05649 0.00595 
  33   70 0.05676 0.00597 
  33   71 0.05784 0.00600 
  33   72 0.05757 0.00603 
  33   73 0.06026 0.00605 
  33   74 0.06322 0.00608 
  33   75 0.06080 0.00611 
  33   76 0.06107 0.00613 
  37    1 0.05004 0.00595 
  37    2 0.05031 0.00592 
  37    3 0.04977 0.00589 
  37    5 0.04708 0.00584 
  37    6 0.05004 0.00582 
  37    7 0.04950 0.00579 
  37    8 0.04762 0.00576 
  37    9 0.04735 0.00574 
  37   10 0.04439 0.00571 
  37   11 0.04412 0.00568 
  37   12 0.04546 0.00566 
  37   13 0.04519 0.00563 
  37   14 0.04519 0.00561 
  37   15 0.04654 0.00558 
  37   16 0.04708 0.00555 
  37   17 0.04815 0.00553 
  37   18 0.04546 0.00550 
  37   19 0.04600 0.00547 
  37   20 0.04654 0.00545 
  37   21 0.04277 0.00542 
  37   22 0.04008 0.00539 
  37   23 0.03874 0.00537 
  37   24 0.03632 0.00534 
  37   25 0.03659 0.00532 
  37   26 0.03578 0.00529 
  37   27 0.03228 0.00526 
  37   28 0.03147 0.00524 
  37   29 0.02959 0.00521 
  37   30 0.02744 0.00518 
  37   31 0.02663 0.00516 
  37   32 0.02394 0.00513 
  37   33 0.02502 0.00511 
  37   34 0.02260 0.00508 
  37   38 0.01399 0.00503 
  37   39 0.01533 0.00505 
  37   40 0.02206 0.00508 
  37   41 0.02583 0.00511 
  37   42 0.02636 0.00513 
  37   43 0.02717 0.00516 
  37   44 0.02663 0.00518 
  37   45 0.02878 0.00521 
  37   46 0.02986 0.00524 
  37   47 0.03174 0.00526 
  37   48 0.03551 0.00529 
  37   49 0.03632 0.00532 
  37   50 0.03820 0.00534 
  37   51 0.04062 0.00537 
  37   52 0.04197 0.00539 
  37   54 0.04735 0.00545 
  37   55 0.04681 0.00547 
  37   56 0.04762 0.00550 
  37   57 0.04681 0.00553 
  37   58 0.04762 0.00555 
  37   59 0.04708 0.00558 
  37   60 0.04546 0.00561 
  37   61 0.04466 0.00563 
  37   62 0.04546 0.00566 
  37   63 0.04519 0.00568 
  37   64 0.04546 0.00571 
  37   65 0.04654 0.00574 
  37   66 0.04762 0.00576 
  37   67 0.04762 0.00579 
  37   68 0.04788 0.00582 
  37   69 0.04735 0.00584 
  37   70 0.04842 0.00587 
  37   71 0.04977 0.00589 
  37   72 0.04977 0.00592 
  37   73 0.05004 0.00595 
  41   19 0.04896 0.00558 
  41   20 0.04788 0.00555 
  41   21 0.04788 0.00553 
  41   22 0.04439 0.00550 
  41   23 0.04197 0.00547 
  41   24 0.04035 0.00545 
  41   25 0.04170 0.00542 
  41   26 0.04197 0.00539 
  41   27 0.04035 0.00537 
  41   28 0.03739 0.00534 
  41   29 0.03443 0.00532 
  41   30 0.03390 0.00529 
  41   31 0.03443 0.00526 
  41   32 0.03201 0.00524 
  41   33 0.03201 0.00521 
  41   34 0.03174 0.00518 
  41   35 0.02771 0.00516 
  41   36 0.02529 0.00513 
  41   37 0.02529 0.00511 
  41   38 0.01991 0.00508 
  41   39 0.01614 0.00505 
  41   42 0.01399 0.00503 
  41   43 0.01480 0.00505 
  41   44 0.01829 0.00508 
  41   45 0.02018 0.00511 
  41   46 0.02206 0.00513 
  41   47 0.02502 0.00516 
  41   48 0.02852 0.00518 
  41   49 0.03013 0.00521 
  41   50 0.03094 0.00524 
  41   51 0.03497 0.00526 
  41   52 0.03712 0.00529 
  41   53 0.03901 0.00532 
  41   54 0.03901 0.00534 
  41   55 0.04062 0.00537 
  41   56 0.04224 0.00539 
  41   57 0.04170 0.00542 
  41   58 0.04250 0.00545 
  41   59 0.04304 0.00547 
  41   60 0.04089 0.00550 
  41   61 0.04089 0.00553 
  41   62 0.04250 0.00555 
  41   63 0.03981 0.00558 
  41   64 0.04008 0.00561 
  41   65 0.04197 0.00563 
  41   66 0.04466 0.00566 
  41   67 0.04546 0.00568 
  41   68 0.04627 0.00571 
  41   69 0.04762 0.00574 
  41   70 0.04896 0.00576 
  41   71 0.04977 0.00579 
  41   72 0.05084 0.00582 
  41   73 0.05219 0.00584 
  41   74 0.05353 0.00587 
  41   75 0.05515 0.00589 
  41   76 0.05596 0.00592 
  41   77 0.05784 0.00595 
  41   78 0.05945 0.00597 
  45    5 0.05111 0.00605 
  45    6 0.05434 0.00603 
  45    7 0.05434 0.00600 
  45    8 0.05273 0.00597 
  45    9 0.05138 0.00595 
  45   10 0.05058 0.00592 
  45   11 0.04977 0.00589 
  45   12 0.05004 0.00587 
  45   13 0.04842 0.00584 
  45   14 0.04923 0.00582 
  45   15 0.04842 0.00579 
  45   16 0.05111 0.00576 
  45   17 0.04842 0.00574 
  45   18 0.05111 0.00571 
  45   19 0.05004 0.00568 
  45   21 0.04788 0.00563 
  45   22 0.04519 0.00561 
  45   23 0.04493 0.00558 
  45   24 0.04358 0.00555 
  45   25 0.04466 0.00553 
  45   26 0.04412 0.00550 
  45   27 0.04331 0.00547 
  45   28 0.04143 0.00545 
  45   29 0.03712 0.00542 
  45   30 0.03686 0.00539 
  45   31 0.03686 0.00537 
  45   32 0.03470 0.00534 
  45   33 0.03443 0.00532 
  45   34 0.03417 0.00529 
  45   35 0.03174 0.00526 
  45   36 0.02878 0.00524 
  45   37 0.02771 0.00521 
  45   38 0.02475 0.00518 
  45   39 0.02556 0.00516 
  45   40 0.02179 0.00513 
  45   41 0.02098 0.00511 
  45   42 0.01722 0.00508 
  45   43 0.01076 0.00505 
  45   46 0.00807 0.00503 
  45   47 0.01237 0.00505 
  45   48 0.01426 0.00508 
  45   49 0.01856 0.00511 
  45   50 0.02071 0.00513 
  45   51 0.02287 0.00516 
  45   52 0.02663 0.00518 
  45   53 0.03013 0.00521 
  45   54 0.03013 0.00524 
  45   55 0.03094 0.00526 
  45   56 0.03255 0.00529 
  45   57 0.03228 0.00532 
  45   58 0.03551 0.00534 
  45   59 0.03686 0.00537 
  45   60 0.03470 0.00539 
  45   61 0.03470 0.00542 
  45   62 0.03470 0.00545 
  45   63 0.03470 0.00547 
  45   64 0.03551 0.00550 
  45   65 0.03793 0.00553 
  45   66 0.04035 0.00555 
  45   67 0.04062 0.00558 
  45   68 0.04170 0.00561 
  45   69 0.04170 0.00563 
  45   70 0.04385 0.00566 
  45   71 0.04170 0.00568 
  45   72 0.04358 0.00571 
  45   73 0.04412 0.00574 
  45   74 0.04573 0.00576 
  45   75 0.04815 0.00579 
  45   76 0.04950 0.00582 
  45   77 0.05084 0.00584 
  45   78 0.05084 0.00587 
  45   79 0.05058 0.00589 
  45   80 0.05246 0.00592 
  45   81 0.05300 0.00595 
  45   82 0.05515 0.00597 
  45   84 0.05327 0.00603 
  45   85 0.05461 0.00605 
  45   86 0.05488 0.00608 
  45   87 0.05622 0.00611 
  45   88 0.05757 0.00613 
  45   89 0.05918 0.00616 
  49   22 0.05542 0.00571 
  49   23 0.05461 0.00568 
  49   24 0.05192 0.00566 
  49   25 0.05031 0.00563 
  49   26 0.05058 0.00561 
  49   27 0.05165 0.00558 
  49   28 0.04869 0.00555 
  49   29 0.04869 0.00553 
  49   30 0.04762 0.00550 
  49   31 0.04708 0.00547 
  49   32 0.04439 0.00545 
  49   33 0.04439 0.00542 
  49   34 0.04654 0.00539 
  49   35 0.04224 0.00537 
  49   36 0.03739 0.00534 
  49   37 0.03497 0.00532 
  49   38 0.03417 0.00529 
  49   39 0.03417 0.00526 
  49   40 0.03282 0.00524 
  49   41 0.03067 0.00521 
  49   42 0.02825 0.00518 
  49   43 0.02475 0.00516 
  49   44 0.02287 0.00513 
  49   45 0.01964 0.00511 
  49   46 0.01856 0.00508 
  49   47 0.01668 0.00505 
  49   51 0.01668 0.00505 
  49   52 0.02260 0.00508 
  49   53 0.02717 0.00511 
  49   54 0.02825 0.00513 
  49   55 0.03013 0.00516 
  49   56 0.03201 0.00518 
  49   57 0.03659 0.00521 
  49   58 0.03686 0.00524 
  49   59 0.03874 0.00526 
  49   60 0.03820 0.00529 
  49   61 0.03820 0.00532 
  49   62 0.03955 0.00534 
  49   63 0.04116 0.00537 
  49   64 0.04224 0.00539 
  49   65 0.04331 0.00542 
  49   66 0.04439 0.00545 
  49   67 0.04654 0.00547 
  49   68 0.04681 0.00550 
  49   69 0.04842 0.00553 
  49   70 0.05165 0.00555 
  49   71 0.05031 0.00558 
  49   72 0.04977 0.00561 
  49   73 0.05004 0.00563 
  49   74 0.05273 0.00566 
  49   75 0.05515 0.00568 
  49   76 0.05757 0.00571 
  49   77 0.05865 0.00574 
  49   79 0.06053 0.00579 
  49   80 0.06080 0.00582 
  49   81 0.06187 0.00584 
  53   18 0.07963 0.00592 
  53   19 0.08071 0.00589 
  53   20 0.07801 0.00587 
  53   21 0.07452 0.00584 
  53   22 0.06941 0.00582 
  53   23 0.06779 0.00579 
  53   24 0.06618 0.00576 
  53   25 0.06349 0.00574 
  53   26 0.06160 0.00571 
  53   27 0.06241 0.00568 
  53   28 0.06187 0.00566 
  53   29 0.05811 0.00563 
  53   30 0.05757 0.00561 
  53   31 0.05407 0.00558 
  53   32 0.05407 0.00555 
  53   33 0.05246 0.00553 
  53   34 0.05596 0.00550 
  53   35 0.05353 0.00547 
  53   36 0.05111 0.00545 
  53   37 0.05004 0.00542 
  53   38 0.04708 0.00539 
  53   39 0.04708 0.00537 
  53   40 0.04735 0.00534 
  53   41 0.04250 0.00532 
  53   42 0.04116 0.00529 
  53   43 0.03659 0.00526 
  53   44 0.03443 0.00524 
  53   45 0.03201 0.00521 
  53   46 0.03282 0.00518 
  53   47 0.03121 0.00516 
  53   48 0.03013 0.00513 
  53   49 0.02878 0.00511 
  53   50 0.02905 0.00508 
  53   51 0.02314 0.00505 
  53   54 0.01453 0.00503 
  53   55 0.01991 0.00505 
  53   56 0.02609 0.00508 
  53   57 0.02905 0.00511 
  53   58 0.03282 0.00513 
  53   59 0.03417 0.00516 
  53   60 0.03497 0.00518 
  53   61 0.03712 0.00521 
  53   62 0.04062 0.00524 
  53   63 0.04116 0.00526 
  53   64 0.04170 0.00529 
  53   65 0.04466 0.00532 
  53   66 0.04735 0.00534 
  53   67 0.04762 0.00537 
  53   68 0.04869 0.00539 
  53   69 0.04869 0.00542 
  53   70 0.05192 0.00545 
  53   71 0.05192 0.00547 
  53   72 0.05084 0.00550 
  53   73 0.05300 0.00553 
  53   74 0.05407 0.00555 
  53   75 0.05757 0.00558 
  53   76 0.05891 0.00561 
  53   77 0.05891 0.00563 
  53   78 0.06187 0.00566 
  53   79 0.05918 0.00568 
  53   80 0.06053 0.00571 
  53   81 0.06295 0.00574 
  53   82 0.05918 0.00576 
  57   20 0.06833 0.00597 
  57   21 0.06779 0.00595 
  57   22 0.06429 0.00592 
  57   23 0.06295 0.00589 
  57   24 0.05999 0.00587 
  57   25 0.06134 0.00584 
  57   26 0.06053 0.00582 
  57   27 0.05972 0.00579 
  57   28 0.05972 0.00576 
  57   29 0.05542 0.00574 
  57   30 0.05380 0.00571 
  57   31 0.05273 0.00568 
  57   32 0.05273 0.00566 
  57   33 0.05111 0.00563 
  57   34 0.05488 0.00561 
  57   35 0.04923 0.00558 
  57   36 0.04788 0.00555 
  57   37 0.04627 0.00553 
  57   38 0.04519 0.00550 
  57   39 0.04439 0.00547 
  57   40 0.04358 0.00545 
  57   41 0.04304 0.00542 
  57   42 0.04089 0.00539 
  57   43 0.03766 0.00537 
  57   44 0.03766 0.00534 
  57   45 0.03390 0.00532 
  57   46 0.03470 0.00529 
  57   47 0.03390 0.00526 
  57   48 0.03443 0.00524 
  57   49 0.03282 0.00521 
  57   50 0.03443 0.00518 
  57   51 0.03121 0.00516 
  57   52 0.02905 0.00513 
  57   53 0.02663 0.00511 
  57   54 0.02287 0.00508 
  57   55 0.01829 0.00505 
  57   59 0.01964 0.00505 
  57   60 0.01910 0.00508 
  57   61 0.02045 0.00511 
  57   62 0.02421 0.00513 
  57   63 0.02475 0.00516 
  57   64 0.02663 0.00518 
  57   65 0.02932 0.00521 
  57   66 0.03147 0.00524 
  57   67 0.03255 0.00526 
  57   68 0.03336 0.00529 
  57   69 0.03497 0.00532 
  57   70 0.03551 0.00534 
  57   71 0.03712 0.00537 
  57   72 0.03955 0.00539 
  57   73 0.04035 0.00542 
  57   74 0.04250 0.00545 
  57   75 0.04439 0.00547 
  57   76 0.04519 0.00550 
  57   77 0.04950 0.00553 
  57   78 0.05111 0.00555 
  57   79 0.05353 0.00558 
  57   80 0.05542 0.00561 
  61   21 0.05865 0.00605 
  61   22 0.05622 0.00603 
  61   23 0.05380 0.00600 
  61   24 0.05515 0.00597 
  61   25 0.05542 0.00595 
  61   26 0.05488 0.00592 
  61   27 0.05461 0.00589 
  61   28 0.05300 0.00587 
  61   29 0.05031 0.00584 
  61   30 0.04950 0.00582 
  61   31 0.04950 0.00579 
  61   32 0.04735 0.00576 
  61   33 0.04788 0.00574 
  61   34 0.04869 0.00571 
  61   35 0.04412 0.00568 
  61   36 0.04412 0.00566 
  61   37 0.04304 0.00563 
  61   38 0.04008 0.00561 
  61   39 0.04116 0.00558 
  61   40 0.03901 0.00555 
  61   41 0.04062 0.00553 
  61   42 0.03793 0.00550 
  61   43 0.03766 0.00547 
  61   44 0.03551 0.00545 
  61   45 0.03524 0.00542 
  61   46 0.03551 0.00539 
  61   47 0.03605 0.00537 
  61   48 0.03632 0.00534 
  61   49 0.03470 0.00532 
  61   50 0.03470 0.00529 
  61   51 0.03443 0.00526 
  61   52 0.03282 0.00524 
  61   53 0.03174 0.00521 
  61   54 0.02932 0.00518 
  61   55 0.02636 0.00516 
  61   56 0.02367 0.00513 
  61   57 0.01964 0.00511 
  61   58 0.01695 0.00508 
  61   59 0.01506 0.00505 
  61   62 0.01345 0.00503 
  61   63 0.01453 0.00505 
  61   64 0.01480 0.00508 
  61   65 0.01910 0.00511 
  61   66 0.02233 0.00513 
  61   67 0.02287 0.00516 
  61   68 0.02556 0.00518 
  61   69 0.02690 0.00521 
  61   70 0.02878 0.00524 
  61   71 0.02932 0.00526 
  61   72 0.03201 0.00529 
  61   73 0.03282 0.00532 
  61   74 0.03336 0.00534 
  61   75 0.03578 0.00537 
  61   76 0.03793 0.00539 
  61   77 0.03955 0.00542 
  61   78 0.04224 0.00545 
  61   79 0.04224 0.00547 
  61   80 0.04466 0.00550 
  61   81 0.04815 0.00553 
  61   82 0.04977 0.00555 
  61   84 0.05138 0.00561 
  61   85 0.05273 0.00563 
  61   86 0.05300 0.00566 
  61   87 0.05461 0.00568 
  61   88 0.05542 0.00571 
  61   89 0.05676 0.00574 
  65   21 0.06295 0.00616 
  65   22 0.06160 0.00613 
  65   23 0.05999 0.00611 
  65   24 0.05918 0.00608 
  65   25 0.05918 0.00605 
  65   26 0.05918 0.00603 
  65   27 0.05730 0.00600 
  65   28 0.05596 0.00597 
  65   29 0.05300 0.00595 
  65   30 0.05353 0.00592 
  65   31 0.05219 0.00589 
  65   32 0.05138 0.00587 
  65   33 0.05273 0.00584 
  65   34 0.05058 0.00582 
  65   35 0.04681 0.00579 
  65   36 0.04439 0.00576 
  65   37 0.04654 0.00574 
  65   38 0.04250 0.00571 
  65   39 0.04143 0.00568 
  65   41 0.04250 0.00563 
  65   42 0.04089 0.00561 
  65   43 0.04008 0.00558 
  65   44 0.03981 0.00555 
  65   45 0.04035 0.00553 
  65   46 0.04062 0.00550 
  65   47 0.04035 0.00547 
  65   48 0.04035 0.00545 
  65   49 0.04170 0.00542 
  65   50 0.03901 0.00539 
  65   51 0.04035 0.00537 
  65   52 0.03955 0.00534 
  65   53 0.03955 0.00532 
  65   54 0.03659 0.00529 
  65   55 0.03524 0.00526 
  65   56 0.03067 0.00524 
  65   57 0.02825 0.00521 
  65   58 0.02502 0.00518 
  65   59 0.02287 0.00516 
  65   60 0.01937 0.00513 
  65   61 0.01910 0.00511 
  65   62 0.01829 0.00508 
  65   63 0.01399 0.00505 
  65   66 0.01399 0.00503 
  65   67 0.01560 0.00505 
  65   68 0.01749 0.00508 
  65   69 0.01937 0.00511 
  65   70 0.02367 0.00513 
  65   71 0.02448 0.00516 
  65   72 0.02609 0.00518 
  65   73 0.02663 0.00521 
  65   74 0.02852 0.00524 
  65   75 0.03067 0.00526 
  65   76 0.03201 0.00529 
  65   77 0.03336 0.00532 
  65   78 0.03712 0.00534 
  65   79 0.03874 0.00537 
  65   80 0.03928 0.00539 
  65   81 0.04224 0.00542 
  65   82 0.04519 0.00545 
  65   84 0.05004 0.00550 
  65   85 0.05031 0.00553 
  65   86 0.05300 0.00555 
  65   87 0.05488 0.00558 
  65   88 0.05461 0.00561 
  65   89 0.05757 0.00563 
  65   92 0.05649 0.00571 
  65   93 0.05703 0.00574 
  65   94 0.05757 0.00576 
  65   95 0.05945 0.00579 
  65   96 0.06134 0.00582 
  69   18 0.06914 0.00634 
  69   19 0.06914 0.00632 
  69   20 0.07021 0.00629 
  69   21 0.06483 0.00626 
  69   22 0.06241 0.00624 
  69   23 0.06295 0.00621 
  69   24 0.06107 0.00618 
  69   25 0.06053 0.00616 
  69   26 0.06160 0.00613 
  69   27 0.06107 0.00611 
  69   28 0.05918 0.00608 
  69   29 0.05730 0.00605 
  69   30 0.05676 0.00603 
  69   31 0.05730 0.00600 
  69   32 0.05300 0.00597 
  69   33 0.05380 0.00595 
  69   34 0.05596 0.00592 
  69   35 0.05246 0.00589 
  69   36 0.04950 0.00587 
  69   37 0.04869 0.00584 
  69   38 0.04708 0.00582 
  69   39 0.04466 0.00579 
  69   40 0.04466 0.00576 
  69   41 0.04735 0.00574 
  69   42 0.04519 0.00571 
  69   43 0.04331 0.00568 
  69   44 0.04466 0.00566 
  69   45 0.04170 0.00563 
  69   46 0.04439 0.00561 
  69   48 0.04735 0.00555 
  69   49 0.04600 0.00553 
  69   50 0.04600 0.00550 
  69   51 0.04627 0.00547 
  69   52 0.04573 0.00545 
  69   53 0.04681 0.00542 
  69   54 0.04546 0.00539 
  69   55 0.04089 0.00537 
  69   56 0.03847 0.00534 
  69   57 0.03443 0.00532 
  69   58 0.03228 0.00529 
  69   59 0.03174 0.00526 
  69   60 0.02744 0.00524 
  69   61 0.02556 0.00521 
  69   62 0.02529 0.00518 
  69   63 0.02233 0.00516 
  69   64 0.01964 0.00513 
  69   65 0.01937 0.00511 
  69   66 0.01641 0.00508 
  69   67 0.01264 0.00505 
  69   71 0.01291 0.00505 
  69   72 0.01506 0.00508 
  69   73 0.01668 0.00511 
  69   74 0.01776 0.00513 
  69   75 0.01991 0.00516 
  69   76 0.02314 0.00518 
  69   77 0.02529 0.00521 
  69   78 0.02744 0.00524 
  69   79 0.02798 0.00526 
  69   80 0.03040 0.00529 
  69   81 0.03282 0.00532 
  69   82 0.03524 0.00534 
  69   84 0.03712 0.00539 
  69   85 0.03820 0.00542 
  69   86 0.04116 0.00545 
  69   87 0.04089 0.00547 
  69   88 0.04331 0.00550 
  69   89 0.04654 0.00553 
  69   92 0.04788 0.00561 
  69   93 0.04762 0.00563 
  69   94 0.05031 0.00566 
  69   95 0.04950 0.00568 
  69   96 0.05246 0.00571 
  73   21 0.06806 0.00637 
  73   22 0.06645 0.00634 
  73   23 0.06456 0.00632 
  73   24 0.06483 0.00629 
  73   25 0.06537 0.00626 
  73   26 0.06295 0.00624 
  73   27 0.06187 0.00621 
  73   28 0.06107 0.00618 
  73   29 0.06107 0.00616 
  73   30 0.05918 0.00613 
  73   31 0.05891 0.00611 
  73   32 0.05811 0.00608 
  73   33 0.05784 0.00605 
  73   34 0.05703 0.00603 
  73   35 0.05515 0.00600 
  73   36 0.05219 0.00597 
  73   37 0.04950 0.00595 
  73   38 0.04896 0.00592 
  73   39 0.05031 0.00589 
  73   40 0.04977 0.00587 
  73   41 0.04977 0.00584 
  73   42 0.04654 0.00582 
  73   43 0.04654 0.00579 
  73   44 0.04681 0.00576 
  73   45 0.04493 0.00574 
  73   46 0.04573 0.00571 
  73   47 0.04815 0.00568 
  73   48 0.04869 0.00566 
  73   49 0.04735 0.00563 
  73   50 0.04788 0.00561 
  73   51 0.04842 0.00558 
  73   52 0.04977 0.00555 
  73   53 0.05219 0.00553 
  73   54 0.04762 0.00550 
  73   55 0.04573 0.00547 
  73   56 0.04358 0.00545 
  73   57 0.04116 0.00542 
  73   58 0.03874 0.00539 
  73   59 0.03659 0.00537 
  73   60 0.03390 0.00534 
  73   61 0.03147 0.00532 
  73   62 0.02959 0.00529 
  73   63 0.02878 0.00526 
  73   64 0.02663 0.00524 
  73   65 0.02556 0.00521 
  73   66 0.02421 0.00518 
  73   67 0.02206 0.00516 
  73   68 0.01910 0.00513 
  73   69 0.01695 0.00511 
  73   70 0.01291 0.00508 
  73   71 0.01264 0.00505 
  73   72 0.00968 0.00503 
  73   75 0.01291 0.00505 
  73   76 0.01587 0.00508 
  73   77 0.01722 0.00511 
  73   78 0.01991 0.00513 
  73   79 0.01991 0.00516 
  73   80 0.02340 0.00518 
  73   81 0.02717 0.00521 
  73   82 0.02744 0.00524 
  73   84 0.03067 0.00529 
  73   85 0.03228 0.00532 
  73   86 0.03470 0.00534 
  73   87 0.03659 0.00537 
  73   88 0.03874 0.00539 
  73   89 0.04170 0.00542 
  73   91 0.04008 0.00547 
  73   92 0.04250 0.00550 
  73   93 0.04116 0.00553 
  73   94 0.04277 0.00555 
  73   95 0.04412 0.00558 
  73   96 0.04466 0.00561 
  77   98 0.05165 0.00555 
  77   99 0.05353 0.00558 
  77  100 0.05327 0.00561 
  77  101 0.05327 0.00563 
  77  102 0.05407 0.00566 
  77  103 0.05488 0.00568 
  77  104 0.05165 0.00571 
  77  105 0.05138 0.00574 
  77  106 0.05219 0.00576 
  77  107 0.05434 0.00579 
  77  108 0.05246 0.00582 
  77  109 0.05273 0.00584 
  77  110 0.05246 0.00587 
  77  111 0.05058 0.00589 
  77  112 0.04842 0.00592 
  77  113 0.05273 0.00595 
  77  114 0.05004 0.00597 
  77  115 0.05084 0.00600 
  77  116 0.05246 0.00603 
  77  117 0.05273 0.00605 
  77  118 0.05515 0.00608 
  77  119 0.05461 0.00611 
  77  120 0.05649 0.00613 
  77  121 0.05649 0.00616 
  77  122 0.06026 0.00618 
  77  123 0.06187 0.00621 
  77  124 0.06107 0.00624 
  77  125 0.06376 0.00626 
  81   20 0.08097 0.00661 
  81   26 0.07532 0.00645 
  81   27 0.07371 0.00642 
  81   28 0.07156 0.00639 
  81   29 0.07021 0.00637 
  81   30 0.07021 0.00634 
  81   31 0.07075 0.00632 
  81   32 0.06806 0.00629 
  81   33 0.06456 0.00626 
  81   34 0.06699 0.00624 
  81   35 0.06618 0.00621 
  81   36 0.06268 0.00618 
  81   37 0.06241 0.00616 
  81   38 0.06026 0.00613 
  81   39 0.06322 0.00611 
  81   40 0.06214 0.00608 
  81   41 0.05945 0.00605 
  81   42 0.05945 0.00603 
  81   43 0.06026 0.00600 
  81   44 0.05945 0.00597 
  81   45 0.05542 0.00595 
  81   46 0.05622 0.00592 
  81   47 0.05488 0.00589 
  81   48 0.05784 0.00587 
  81   49 0.05865 0.00584 
  81   50 0.05891 0.00582 
  81   51 0.05999 0.00579 
  81   52 0.05838 0.00576 
  81   53 0.06026 0.00574 
  81   54 0.06026 0.00571 
  81   55 0.05865 0.00568 
  81   56 0.05649 0.00566 
  81   57 0.05380 0.00563 
  81   58 0.05434 0.00561 
  81   59 0.05246 0.00558 
  81   60 0.05219 0.00555 
  81   61 0.04950 0.00553 
  81   62 0.04762 0.00550 
  81   63 0.04815 0.00547 
  81   64 0.04627 0.00545 
  81   65 0.04439 0.00542 
  81   66 0.04277 0.00539 
  81   67 0.04116 0.00537 
  81   68 0.03901 0.00534 
  81   69 0.03470 0.00532 
  81   70 0.03417 0.00529 
  81   71 0.03147 0.00526 
  81   72 0.02959 0.00524 
  81   73 0.02771 0.00521 
  81   74 0.02690 0.00518 
  81   75 0.02556 0.00516 
  81   76 0.02502 0.00513 
  81   77 0.02206 0.00511 
  81   78 0.01910 0.00508 
  81   79 0.01480 0.00505 
  81   82 0.01480 0.00503 
  81   84 0.01964 0.00508 
  81   85 0.02206 0.00511 
  81   86 0.02260 0.00513 
  81   87 0.02421 0.00516 
  81   88 0.02798 0.00518 
  81   89 0.03121 0.00521 
  81   92 0.03605 0.00529 
  81   93 0.03497 0.00532 
  81   94 0.03659 0.00534 
  81   95 0.03766 0.00537 
  81   96 0.03981 0.00539 
  85   41 0.06160 0.00616 
  85   42 0.05999 0.00613 
  85   43 0.06187 0.00611 
  85   44 0.06080 0.00608 
  85   45 0.05542 0.00605 
  85   46 0.05784 0.00603 
  85   47 0.06134 0.00600 
  85   48 0.06134 0.00597 
  85   49 0.06295 0.00595 
  85   50 0.06080 0.00592 
  85   51 0.05891 0.00589 
  85   52 0.05811 0.00587 
  85   53 0.05811 0.00584 
  85   54 0.05649 0.00582 
  85   55 0.05703 0.00579 
  85   56 0.05300 0.00576 
  85   57 0.05784 0.00574 
  85   58 0.05945 0.00571 
  85   59 0.05865 0.00568 
  85   60 0.05972 0.00566 
  85   61 0.05407 0.00563 
  85   62 0.05407 0.00561 
  85   63 0.05380 0.00558 
  85   64 0.05192 0.00555 
  85   65 0.05084 0.00553 
  85   66 0.04627 0.00550 
  85   67 0.04439 0.00547 
  85   68 0.04439 0.00545 
  85   69 0.04008 0.00542 
  85   70 0.03820 0.00539 
  85   71 0.03712 0.00537 
  85   72 0.03712 0.00534 
  85   73 0.03497 0.00532 
  85   74 0.03417 0.00529 
  85   75 0.03417 0.00526 
  85   76 0.03282 0.00524 
  85   77 0.02878 0.00521 
  85   78 0.02583 0.00518 
  85   79 0.02448 0.00516 
  85   80 0.02233 0.00513 
  85   81 0.01937 0.00511 
  85   82 0.01883 0.00508 
  85   83 0.01587 0.00505 
  85   84 0.01184 0.00503 
  85   86 0.01103 0.00503 
  85   87 0.01372 0.00505 
  85   88 0.01695 0.00508 
  85   89 0.02125 0.00511 
  85   90 0.02529 0.00513 
  85   92 0.02690 0.00518 
  85   93 0.02825 0.00521 
  85   94 0.02878 0.00524 
  85   95 0.02932 0.00526 
  85   96 0.03201 0.00529 
  89   62 0.06322 0.00571 
  89   63 0.06187 0.00568 
  89   64 0.06026 0.00566 
  89   65 0.05784 0.00563 
  89   66 0.05999 0.00561 
  89   67 0.05569 0.00558 
  89   68 0.05407 0.00555 
  89   69 0.05111 0.00553 
  89   70 0.04815 0.00550 
  89   71 0.04466 0.00547 
  89   72 0.04385 0.00545 
  89   73 0.04304 0.00542 
  89   74 0.04277 0.00539 
  89   75 0.04224 0.00537 
  89   76 0.04008 0.00534 
  89   77 0.03874 0.00532 
  89   78 0.03659 0.00529 
  89   79 0.03336 0.00526 
  89   80 0.03255 0.00524 
  89   81 0.03147 0.00521 
  89   82 0.02825 0.00518 
  89   83 0.02475 0.00516 
  89   84 0.02394 0.00513 
  89   85 0.02179 0.00511 
  89   86 0.01856 0.00508 
  89   87 0.01426 0.00505 
  89   88 0.01103 0.00503 
  89   90 0.01345 0.00503 
  89   91 0.02206 0.00505 
  89   92 0.02367 0.00508 
  89   93 0.02233 0.00511 
  89   94 0.02421 0.00513 
  89   95 0.02556 0.00516 
  89   96 0.02878 0.00518 
  93   62 0.05542 0.00582 
  93   63 0.05515 0.00579 
  93   64 0.05542 0.00576 
  93   65 0.05649 0.00574 
  93   66 0.05596 0.00571 
  93   67 0.05434 0.00568 
  93   68 0.05219 0.00566 
  93   69 0.05165 0.00563 
  93   70 0.04869 0.00561 
  93   71 0.04627 0.00558 
  93   72 0.04654 0.00555 
  93   73 0.04385 0.00553 
  93   74 0.04385 0.00550 
  93   75 0.04385 0.00547 
  93   76 0.04170 0.00545 
  93   77 0.04089 0.00542 
  93   78 0.03820 0.00539 
  93   79 0.03766 0.00537 
  93   80 0.03578 0.00534 
  93   81 0.03470 0.00532 
  93   82 0.03174 0.00529 
  93   84 0.02932 0.00524 
  93   85 0.02717 0.00521 
  93   86 0.02583 0.00518 
  93   87 0.02421 0.00516 
  93   88 0.02233 0.00513 
  93   89 0.02045 0.00511 
  93   91 0.01345 0.00505 
  93   94 0.01022 0.00503 
  93   95 0.01372 0.00505 
  93   96 0.01614 0.00508 
  97   61 0.06456 0.00595 
  97   62 0.06537 0.00592 
  97   63 0.06752 0.00589 
  97   64 0.06833 0.00587 
  97   65 0.06591 0.00584 
  97   66 0.06403 0.00582 
  97   67 0.06134 0.00579 
  97   68 0.06026 0.00576 
  97   69 0.06080 0.00574 
  97   70 0.05999 0.00571 
  97   71 0.05757 0.00568 
  97   72 0.05730 0.00566 
  97   73 0.05488 0.00563 
  97   74 0.05434 0.00561 
  97   75 0.05515 0.00558 
  97   76 0.05488 0.00555 
  97   77 0.05327 0.00553 
  97   78 0.05192 0.00550 
  97   79 0.04842 0.00547 
  97   80 0.04815 0.00545 
  97   81 0.04493 0.00542 
  97   82 0.04439 0.00539 
  97   84 0.04197 0.00534 
  97   85 0.04062 0.00532 
  97   86 0.03847 0.00529 
  97   87 0.03712 0.00526 
  97   88 0.03417 0.00524 
  97   89 0.03417 0.00521 
  97   91 0.02663 0.00516 
  97   92 0.02475 0.00513 
  97   93 0.02071 0.00511 
  97   94 0.01991 0.00508 
  97   95 0.01480 0.00505 
  97   96 0.01480 0.00503 
 101   72 0.05784 0.00576 
 101   73 0.05515 0.00574 
 101   75 0.05730 0.00568 
 101   76 0.05596 0.00566 
 101   77 0.05461 0.00563 
 101   78 0.05434 0.00561 
 101   79 0.05246 0.00558 
 101   80 0.05165 0.00555 
 101   81 0.05246 0.00553 
 101   82 0.05004 0.00550 
 101   84 0.04654 0.00545 
 101   85 0.04573 0.00542 
 101   86 0.04439 0.00539 
 101   87 0.04304 0.00537 
 101   88 0.04250 0.00534 
 101   89 0.04116 0.00532 
 101   90 0.03820 0.00529 
 101   91 0.03497 0.00526 
 101   92 0.03174 0.00524 
 101   93 0.03013 0.00521 
 101   94 0.02905 0.00518 
 101   95 0.02609 0.00516 
 101   96 0.02529 0.00513 
 105   69 0.05569 0.00595 
 105   70 0.05327 0.00592 
 105   71 0.05246 0.00589 
 105   72 0.05219 0.00587 
 105   73 0.05300 0.00584 
 105   74 0.05353 0.00582 
 105   75 0.05219 0.00579 
 105   76 0.05219 0.00576 
 105   77 0.05165 0.00574 
 105   78 0.04896 0.00571 
 105   79 0.04896 0.00568 
 105   80 0.04977 0.00566 
 105   81 0.04842 0.00563 
 105   82 0.04788 0.00561 
 105   84 0.04331 0.00555 
 105   85 0.04170 0.00553 
 105   86 0.04089 0.00550 
 105   87 0.04250 0.00547 
 105   88 0.04250 0.00545 
 105   89 0.04116 0.00542 
 105   91 0.03712 0.00537 
 105   92 0.03524 0.00534 
 105   93 0.03201 0.00532 
 105   94 0.03121 0.00529 
 105   95 0.03040 0.00526 
 105   96 0.03174 0.00524 
 109   97 0.04062 0.00532 
 109   98 0.04143 0.00529 
 109  101 0.03497 0.00521 
 109  102 0.03201 0.00518 
 109  103 0.02959 0.00516 
 109  104 0.02771 0.00513 
 109  105 0.02233 0.00511 
 109  106 0.02071 0.00508 
 109  107 0.01991 0.00505 
 109  108 0.01776 0.00503 
 109  110 0.01749 0.00503 
 109  111 0.02152 0.00505 
 109  112 0.02233 0.00508 
 109  113 0.02367 0.00511 
 109  114 0.02609 0.00513 
 109  115 0.02717 0.00516 
 109  116 0.02609 0.00518 
 109  117 0.03524 0.00521 
 109  118 0.03632 0.00524 
 109  119 0.03820 0.00526 
 109  120 0.03766 0.00529 
 109  121 0.03901 0.00532 
 109  122 0.03524 0.00534 
 109  123 0.03551 0.00537 
 109  124 0.03497 0.00539 
 109  125 0.03497 0.00542 
 109  126 0.04170 0.00545 
 113   97 0.03901 0.00542 
 113   98 0.03847 0.00539 
 113  101 0.03470 0.00532 
 113  102 0.03174 0.00529 
 113  103 0.03147 0.00526 
 113  104 0.02798 0.00524 
 113  105 0.02609 0.00521 
 113  106 0.02502 0.00518 
 113  107 0.02394 0.00516 
 113  108 0.02233 0.00513 
 113  109 0.02260 0.00511 
 113  110 0.01722 0.00508 
 113  111 0.01264 0.00505 
 113  112 0.00807 0.00503 
 113  114 0.01076 0.00503 
 113  115 0.01453 0.00505 
 113  116 0.01856 0.00508 
 113  117 0.02045 0.00511 
 113  118 0.02340 0.00513 
 113  119 0.02529 0.00516 
 113  120 0.02878 0.00518 
 113  121 0.03201 0.00521 
 113  122 0.03659 0.00524 
 113  123 0.04062 0.00526 
 113  124 0.04654 0.00529 
 113  125 0.04466 0.00532 
 113  126 0.04627 0.00534 
 113  127 0.04896 0.00537 
 113  128 0.04896 0.00539 
 113  129 0.05111 0.00542 
 113  130 0.05138 0.00545 
 113  131 0.05138 0.00547 
 113  132 0.05434 0.00550 
 113  133 0.05596 0.00553 
 117  101 0.03712 0.00542 
 117  102 0.03551 0.00539 
 117  103 0.03390 0.00537 
 117  104 0.03201 0.00534 
 117  105 0.02905 0.00532 
 117  106 0.02798 0.00529 
 117  107 0.02663 0.00526 
 117  108 0.02663 0.00524 
 117  109 0.02421 0.00521 
 117  110 0.02287 0.00518 
 117  111 0.02045 0.00516 
 117  112 0.01991 0.00513 
 117  113 0.01856 0.00511 
 117  114 0.01560 0.00508 
 117  115 0.01668 0.00505 
 117  116 0.01318 0.00503 
 117  118 0.01480 0.00503 
 117  119 0.01776 0.00505 
 117  120 0.01991 0.00508 
 117  121 0.02260 0.00511 
 117  122 0.02475 0.00513 
 117  123 0.02663 0.00516 
 117  124 0.03174 0.00518 
 117  126 0.03255 0.00524 
 117  127 0.03174 0.00526 
 117  128 0.03336 0.00529 
 117  129 0.03336 0.00532 
 117  130 0.03470 0.00534 
 117  131 0.03470 0.00537 
 117  132 0.03551 0.00539 
 117  133 0.03793 0.00542 
 117  134 0.03820 0.00545 
 117  135 0.03605 0.00547 
 117  136 0.03820 0.00550 
 117  137 0.03928 0.00553 
 117  138 0.04008 0.00555 
 117  139 0.04035 0.00558 
 117  140 0.03874 0.00561 
 117  141 0.03981 0.00563 
 117  142 0.03712 0.00566 
 117  143 0.03847 0.00568 
 117  144 0.04062 0.00571 
 121  101 0.04062 0.00553 
 121  102 0.03981 0.00550 
 121  103 0.03955 0.00547 
 121  104 0.03605 0.00545 
 121  105 0.03390 0.00542 
 121  106 0.03443 0.00539 
 121  107 0.03282 0.00537 
 121  108 0.03094 0.00534 
 121  109 0.02986 0.00532 
 121  110 0.02771 0.00529 
 121  111 0.02609 0.00526 
 121  112 0.02206 0.00524 
 121  113 0.02260 0.00521 
 121  114 0.02179 0.00518 
 121  115 0.02260 0.00516 
 121  116 0.02045 0.00513 
 121  117 0.01856 0.00511 
 121  118 0.01829 0.00508 
 121  119 0.01399 0.00505 
 121  120 0.00888 0.00503 
 121  122 0.01291 0.00503 
 121  123 0.01506 0.00505 
 121  124 0.02152 0.00508 
 121  125 0.02206 0.00511 
 121  126 0.02314 0.00513 
 121  127 0.02609 0.00516 
 121  128 0.02798 0.00518 
 121  129 0.03147 0.00521 
 121  130 0.03255 0.00524 
 121  131 0.03470 0.00526 
 121  132 0.03605 0.00529 
 121  133 0.03686 0.00532 
 121  134 0.03739 0.00534 
 121  135 0.03739 0.00537 
 121  136 0.04062 0.00539 
 121  137 0.04062 0.00542 
 121  138 0.04197 0.00545 
 121  139 0.04008 0.00547 
 121  140 0.04116 0.00550 
 121  141 0.03820 0.00553 
 121  142 0.03928 0.00555 
 121  143 0.03955 0.00558 
 121  144 0.04089 0.00561 
 121  145 0.04089 0.00563 
 121  146 0.04170 0.00566 
 121  147 0.04385 0.00568 
 121  148 0.04277 0.00571 
 121  149 0.04600 0.00574 
 121  150 0.04600 0.00576 
 121  151 0.04896 0.00579 
 125  101 0.04815 0.00563 
 125  102 0.04735 0.00561 
 125  103 0.04466 0.00558 
 125  104 0.04250 0.00555 
 125  105 0.04089 0.00553 
 125  106 0.04008 0.00550 
 125  107 0.03901 0.00547 
 125  108 0.03739 0.00545 
 125  109 0.03551 0.00542 
 125  110 0.03551 0.00539 
 125  111 0.03147 0.00537 
 125  112 0.02986 0.00534 
 125  113 0.02986 0.00532 
 125  114 0.02878 0.00529 
 125  115 0.02905 0.00526 
 125  116 0.02798 0.00524 
 125  117 0.02932 0.00521 
 125  118 0.02852 0.00518 
 125  119 0.02636 0.00516 
 125  120 0.02152 0.00513 
 125  121 0.02018 0.00511 
 125  122 0.01695 0.00508 
 125  123 0.01560 0.00505 
 125  126 0.01453 0.00503 
 125  127 0.01695 0.00505 
 125  128 0.01991 0.00508 
 125  129 0.02340 0.00511 
 125  130 0.02636 0.00513 
 125  131 0.02825 0.00516 
 125  132 0.03067 0.00518 
 125  133 0.03363 0.00521 
 125  134 0.03605 0.00524 
 125  135 0.03524 0.00526 
 125  136 0.03820 0.00529 
 125  137 0.03901 0.00532 
 125  138 0.03928 0.00534 
 125  139 0.04143 0.00537 
 125  140 0.04143 0.00539 
 125  141 0.04143 0.00542 
 125  142 0.04089 0.00545 
 125  143 0.04250 0.00547 
 125  144 0.04493 0.00550 
 125  145 0.04627 0.00553 
 125  146 0.04788 0.00555 
 125  147 0.04815 0.00558 
 125  148 0.04923 0.00561 
 125  149 0.05058 0.00563 
 125  150 0.05192 0.00566 
 125  151 0.05407 0.00568 
 125  152 0.05327 0.00571 
 125  153 0.05219 0.00574 
 134  114 0.03605 0.00553 
 134  115 0.03739 0.00550 
 134  116 0.03524 0.00547 
 134  117 0.03578 0.00545 
 134  118 0.03605 0.00542 
 134  119 0.03605 0.00539 
 134  120 0.03793 0.00537 
 134  121 0.03659 0.00534 
 134  122 0.03659 0.00532 
 134  123 0.03739 0.00529 
 134  124 0.03551 0.00526 
 134  125 0.03390 0.00524 
 134  126 0.03363 0.00521 
 134  127 0.03013 0.00518 
 134  128 0.02717 0.00516 
 134  129 0.02609 0.00513 
 134  130 0.02260 0.00511 
 134  131 0.01937 0.00508 
 134  132 0.01480 0.00505 
 134  133 0.01345 0.00503 
 134  135 0.01237 0.00503 
 134  136 0.01802 0.00505 
 134  137 0.02045 0.00508 
 134  138 0.02340 0.00511 
 134  139 0.02556 0.00513 
 134  140 0.02852 0.00516 
 134  141 0.02878 0.00518 
 134  142 0.03040 0.00521 
 134  143 0.03201 0.00524 
 134  144 0.03524 0.00526 
 134  145 0.03739 0.00529 
 134  146 0.03712 0.00532 
 134  147 0.03766 0.00534 
 134  148 0.04008 0.00537 
 134  149 0.04170 0.00539 
 134  150 0.04224 0.00542 
 134  151 0.04654 0.00545 
 134  152 0.04708 0.00547 
 134  153 0.04573 0.00550 
 134  154 0.04708 0.00553 
 134  155 0.04654 0.00555 
 134  156 0.04762 0.00558 
 134  157 0.04788 0.00561 
 134  158 0.04896 0.00563 
 134  159 0.05111 0.00566 
 134  160 0.05219 0.00568 
 134  161 0.05461 0.00571 
 134  162 0.05730 0.00574 
 134  163 0.05865 0.00576 
 134  164 0.05972 0.00579 
 134  165 0.06134 0.00582 
 137  118 0.03094 0.00550 
 137  119 0.03147 0.00547 
 137  120 0.03228 0.00545 
 137  121 0.03228 0.00542 
 137  122 0.03201 0.00539 
 137  123 0.03201 0.00537 
 137  124 0.03201 0.00534 
 137  125 0.02986 0.00532 
 137  126 0.03013 0.00529 
 137  127 0.02825 0.00526 
 137  128 0.02717 0.00524 
 137  129 0.02556 0.00521 
 137  130 0.02179 0.00518 
 137  131 0.02045 0.00516 
 137  132 0.01856 0.00513 
 137  133 0.01533 0.00511 
 137  134 0.01049 0.00508 
 137  135 0.00726 0.00505 
 137  138 0.00296 0.00503 
 137  139 0.00726 0.00505 
 137  140 0.00915 0.00508 
 137  141 0.01157 0.00511 
 137  142 0.01264 0.00513 
 137  143 0.01587 0.00516 
 137  144 0.01776 0.00518 
 137  145 0.02098 0.00521 
 137  146 0.02340 0.00524 
 137  147 0.02502 0.00526 
 137  148 0.02717 0.00529 
 137  149 0.02825 0.00532 
 137  150 0.02986 0.00534 
 137  151 0.03228 0.00537 
 137  152 0.03121 0.00539 
 137  153 0.03121 0.00542 
 137  154 0.03255 0.00545 
 137  155 0.03443 0.00547 
 137  156 0.03766 0.00550 
 137  157 0.03605 0.00553 
 137  158 0.03605 0.00555 
 141  104 0.04842 0.00597 
 141  105 0.04681 0.00595 
 141  106 0.04546 0.00592 
 141  107 0.04466 0.00589 
 141  108 0.04385 0.00587 
 141  109 0.04089 0.00584 
 141  110 0.04143 0.00582 
 141  111 0.03820 0.00579 
 141  112 0.03686 0.00576 
 141  113 0.03793 0.00574 
 141  114 0.03524 0.00571 
 141  115 0.03632 0.00568 
 141  116 0.03443 0.00566 
 141  117 0.03443 0.00563 
 141  118 0.03712 0.00561 
 141  119 0.03632 0.00558 
 141  120 0.03766 0.00555 
 141  121 0.03820 0.00553 
 141  122 0.03874 0.00550 
 141  123 0.04062 0.00547 
 141  124 0.04116 0.00545 
 141  125 0.04170 0.00542 
 141  126 0.03928 0.00539 
 141  127 0.03686 0.00537 
 141  128 0.03470 0.00534 
 141  129 0.03417 0.00532 
 141  130 0.03228 0.00529 
 141  131 0.03040 0.00526 
 141  132 0.02932 0.00524 
 141  133 0.02852 0.00521 
 141  134 0.02556 0.00518 
 141  135 0.02125 0.00516 
 141  136 0.01937 0.00513 
 141  137 0.01587 0.00511 
 141  138 0.01318 0.00508 
 141  139 0.01184 0.00505 
 141  140 0.00942 0.00503 
 141  142 0.00968 0.00503 
 141  143 0.01399 0.00505 
 141  144 0.01668 0.00508 
 141  145 0.02071 0.00511 
 141  146 0.02152 0.00513 
 141  147 0.02287 0.00516 
 141  148 0.02529 0.00518 
 141  149 0.02744 0.00521 
 141  150 0.02986 0.00524 
 141  151 0.03147 0.00526 
 141  152 0.03255 0.00529 
 141  153 0.03336 0.00532 
 141  154 0.03443 0.00534 
 141  155 0.03551 0.00537 
 141  156 0.03766 0.00539 
 141  157 0.03712 0.00542 
 141  158 0.03524 0.00545 
 141  159 0.03739 0.00547 
 141  160 0.03955 0.00550 
 141  161 0.04197 0.00553 
 141  162 0.04493 0.00555 
 141  163 0.04735 0.00558 
 141  164 0.04815 0.00561 
 141  165 0.05192 0.00563 
 141  166 0.05300 0.00566 
 141  167 0.05434 0.00568 
 141  169 0.05622 0.00574 
 141  170 0.05649 0.00576 
 141  171 0.05757 0.00579 
 141  172 0.05811 0.00582 
 141  173 0.05945 0.00584 
 141  174 0.06026 0.00587 
 141  175 0.06160 0.00589 
 141  176 0.06376 0.00592 
 141  177 0.06241 0.00595 
 141  178 0.06295 0.00597 
 145  119 0.04331 0.00568 
 145  120 0.04412 0.00566 
 145  121 0.04573 0.00563 
 145  122 0.04654 0.00561 
 145  123 0.04708 0.00558 
 145  124 0.04519 0.00555 
 145  125 0.04008 0.00553 
 145  126 0.03928 0.00550 
 145  127 0.03901 0.00547 
 145  128 0.03659 0.00545 
 145  129 0.03686 0.00542 
 145  130 0.03497 0.00539 
 145  131 0.03417 0.00537 
 145  132 0.03201 0.00534 
 145  133 0.03309 0.00532 
 145  134 0.03013 0.00529 
 145  135 0.02663 0.00526 
 145  136 0.02421 0.00524 
 145  137 0.02125 0.00521 
 145  138 0.01991 0.00518 
 145  139 0.01937 0.00516 
 145  140 0.01722 0.00513 
 145  141 0.01587 0.00511 
 145  142 0.01237 0.00508 
 145  143 0.00915 0.00505 
 145  146 0.00753 0.00503 
 145  147 0.00995 0.00505 
 145  148 0.01318 0.00508 
 145  149 0.01453 0.00511 
 145  150 0.01776 0.00513 
 145  151 0.02152 0.00516 
 145  152 0.02179 0.00518 
 145  153 0.02394 0.00521 
 145  154 0.02475 0.00524 
 145  155 0.02529 0.00526 
 145  156 0.02825 0.00529 
 145  157 0.02959 0.00532 
 145  158 0.02905 0.00534 
 145  159 0.03147 0.00537 
 145  160 0.03417 0.00539 
 145  161 0.03497 0.00542 
 145  162 0.03793 0.00545 
 145  163 0.04008 0.00547 
 145  164 0.04304 0.00550 
 145  165 0.04439 0.00553 
 145  167 0.04923 0.00558 
 149  126 0.05300 0.00561 
 149  127 0.05192 0.00558 
 149  128 0.05058 0.00555 
 149  129 0.05138 0.00553 
 149  130 0.05031 0.00550 
 149  131 0.04815 0.00547 
 149  132 0.04762 0.00545 
 149  133 0.04250 0.00542 
 149  134 0.04089 0.00539 
 149  135 0.03847 0.00537 
 149  136 0.03470 0.00534 
 149  137 0.03094 0.00532 
 149  138 0.03094 0.00529 
 149  139 0.02905 0.00526 
 149  140 0.02663 0.00524 
 149  141 0.02502 0.00521 
 149  142 0.02179 0.00518 
 149  143 0.02125 0.00516 
 149  144 0.02045 0.00513 
 149  145 0.01883 0.00511 
 149  146 0.01587 0.00508 
 149  147 0.01237 0.00505 
 149  150 0.01480 0.00503 
 149  151 0.01937 0.00505 
 149  152 0.01937 0.00508 
 149  153 0.02206 0.00511 
 149  154 0.02394 0.00513 
 149  155 0.02529 0.00516 
 149  156 0.02959 0.00518 
 149  157 0.02986 0.00521 
 149  158 0.02932 0.00524 
 149  159 0.03174 0.00526 
 149  160 0.03363 0.00529 
 149  161 0.03793 0.00532 
 149  162 0.04008 0.00534 
 149  163 0.04197 0.00537 
 149  164 0.04466 0.00539 
 149  165 0.04842 0.00542 
 149  166 0.05031 0.00545 
 149  167 0.05111 0.00547 
 149  168 0.05219 0.00550 
 149  169 0.05300 0.00553 
 149  170 0.05434 0.00555 
 149  171 0.05703 0.00558 
 149  172 0.05811 0.00561 
 149  173 0.05891 0.00563 
 149  174 0.05945 0.00566 
 149  175 0.06107 0.00568 
 149  176 0.06214 0.00571 
 149  177 0.06322 0.00574 
 149  178 0.06483 0.00576 
 149  179 0.06618 0.00579 
 149  180 0.06564 0.00582 
 149  181 0.06779 0.00584 
 149  182 0.06806 0.00587 
 153  126 0.04923 0.00571 
 153  127 0.04950 0.00568 
 153  128 0.04950 0.00566 
 153  129 0.04923 0.00563 
 153  130 0.04977 0.00561 
 153  131 0.04762 0.00558 
 153  132 0.04735 0.00555 
 153  133 0.04788 0.00553 
 153  134 0.04600 0.00550 
 153  135 0.04358 0.00547 
 153  136 0.04224 0.00545 
 153  137 0.03847 0.00542 
 153  138 0.03874 0.00539 
 153  139 0.03578 0.00537 
 153  140 0.03578 0.00534 
 153  141 0.03390 0.00532 
 153  142 0.03094 0.00529 
 153  143 0.03067 0.00526 
 153  144 0.03040 0.00524 
 153  145 0.02825 0.00521 
 153  146 0.02771 0.00518 
 153  147 0.02556 0.00516 
 153  148 0.02367 0.00513 
 153  149 0.01964 0.00511 
 153  150 0.01802 0.00508 
 153  151 0.01453 0.00505 
 153  152 0.01237 0.00503 
 153  154 0.01130 0.00503 
 153  155 0.01372 0.00505 
 153  156 0.01560 0.00508 
 153  157 0.01802 0.00511 
 153  158 0.01802 0.00513 
 153  159 0.02071 0.00516 
 153  160 0.02233 0.00518 
 153  161 0.02502 0.00521 
 153  162 0.02744 0.00524 
 153  163 0.02905 0.00526 
 153  164 0.03094 0.00529 
 153  165 0.03551 0.00532 
 153  166 0.03524 0.00534 
 153  167 0.03766 0.00537 
 153  168 0.03955 0.00539 
 153  169 0.04008 0.00542 
 153  170 0.04224 0.00545 
 153  171 0.04412 0.00547 
 153  172 0.04519 0.00550 
 153  173 0.04681 0.00553 
 153  174 0.04869 0.00555 
 153  175 0.05084 0.00558 
 153  176 0.05004 0.00561 
 153  177 0.05246 0.00563 
 153  178 0.05273 0.00566 
 153  179 0.05488 0.00568 
 153  180 0.05569 0.00571 
 153  181 0.05676 0.00574 
 153  182 0.05596 0.00576 
 153  183 0.05730 0.00579 
 153  184 0.05865 0.00582 
 153  185 0.05730 0.00584 
 153  186 0.05891 0.00587 
 153  187 0.05918 0.00589 
 153  188 0.05999 0.00592 
 157  126 0.04788 0.00582 
 157  127 0.04708 0.00579 
 157  128 0.04735 0.00576 
 157  129 0.04762 0.00574 
 157  130 0.04654 0.00571 
 157  131 0.04600 0.00568 
 157  132 0.04439 0.00566 
 157  133 0.04412 0.00563 
 157  134 0.04008 0.00561 
 157  135 0.04008 0.00558 
 157  136 0.03739 0.00555 
 157  137 0.03524 0.00553 
 157  138 0.03255 0.00550 
 157  139 0.03094 0.00547 
 157  140 0.03228 0.00545 
 157  141 0.03121 0.00542 
 157  142 0.03013 0.00539 
 157  143 0.03067 0.00537 
 157  144 0.03040 0.00534 
 157  145 0.02905 0.00532 
 157  146 0.02690 0.00529 
 157  147 0.02556 0.00526 
 157  148 0.02529 0.00524 
 157  149 0.02340 0.00521 
 157  150 0.02179 0.00518 
 157  151 0.02045 0.00516 
 157  152 0.01641 0.00513 
 157  153 0.01345 0.00511 
 157  154 0.01211 0.00508 
 157  155 0.00915 0.00505 
 157  156 0.00726 0.00503 
 157  158 0.00619 0.00503 
 157  159 0.00834 0.00505 
 157  160 0.01103 0.00508 
 157  161 0.01372 0.00511 
 157  162 0.01587 0.00513 
 157  163 0.01856 0.00516 
 157  164 0.02152 0.00518 
 157  165 0.02529 0.00521 
 157  166 0.02717 0.00524 
 157  167 0.02959 0.00526 
 157  168 0.02932 0.00529 
 157  169 0.03201 0.00532 
 157  170 0.03336 0.00534 
 157  171 0.03524 0.00537 
 157  172 0.03632 0.00539 
 157  173 0.03686 0.00542 
 157  174 0.03820 0.00545 
 157  175 0.04008 0.00547 
 157  176 0.04224 0.00550 
 157  177 0.04197 0.00553 
 157  178 0.04493 0.00555 
 157  179 0.04708 0.00558 
 157  180 0.04815 0.00561 
 157  181 0.04896 0.00563 
 157  182 0.05031 0.00566 
 157  183 0.04977 0.00568 
 157  184 0.05273 0.00571 
 157  185 0.05219 0.00574 
 157  186 0.05084 0.00576 
 157  187 0.05192 0.00579 
 161  128 0.05784 0.00587 
 161  129 0.05811 0.00584 
 161  130 0.05515 0.00582 
 161  131 0.05515 0.00579 
 161  132 0.05380 0.00576 
 161  133 0.05488 0.00574 
 161  134 0.05596 0.00571 
 161  135 0.05111 0.00568 
 161  136 0.05084 0.00566 
 161  137 0.04762 0.00563 
 161  138 0.04896 0.00561 
 161  139 0.04627 0.00558 
 161  140 0.04546 0.00555 
 161  141 0.04277 0.00553 
 161  142 0.04277 0.00550 
 161  143 0.04143 0.00547 
 161  144 0.04385 0.00545 
 161  145 0.04089 0.00542 
 161  146 0.04197 0.00539 
 161  147 0.03847 0.00537 
 161  148 0.03847 0.00534 
 161  149 0.03524 0.00532 
 161  150 0.03228 0.00529 
 161  151 0.03121 0.00526 
 161  152 0.02798 0.00524 
 161  153 0.02583 0.00521 
 161  154 0.02421 0.00518 
 161  155 0.02152 0.00516 
 161  156 0.02206 0.00513 
 161  157 0.01937 0.00511 
 161  158 0.01776 0.00508 
 161  159 0.01372 0.00505 
 161  160 0.01291 0.00503 
 161  162 0.01318 0.00503 
 161  163 0.01641 0.00505 
 161  164 0.01937 0.00508 
 161  165 0.02448 0.00511 
 161  166 0.02771 0.00513 
 161  167 0.02959 0.00516 
 161  168 0.02959 0.00518 
 161  169 0.03201 0.00521 
 161  170 0.03363 0.00524 
 161  171 0.03686 0.00526 
 161  172 0.03739 0.00529 
 161  173 0.04116 0.00532 
 161  174 0.04143 0.00534 
 161  175 0.04224 0.00537 
 161  176 0.04385 0.00539 
 161  177 0.04654 0.00542 
 161  178 0.04762 0.00545 
 161  179 0.04869 0.00547 
 161  180 0.04977 0.00550 
 161  181 0.05004 0.00553 
 161  182 0.05219 0.00555 
 161  183 0.05273 0.00558 
 161  184 0.05488 0.00561 
 161  185 0.05515 0.00563 
 161  186 0.05676 0.00566 
 161  187 0.05757 0.00568 
 161  188 0.05838 0.00571 
 165  126 0.06456 0.00603 
 165  127 0.06456 0.00600 
 165  128 0.06429 0.00597 
 165  129 0.06376 0.00595 
 165  130 0.06429 0.00592 
 165  131 0.06429 0.00589 
 165  132 0.06268 0.00587 
 165  133 0.06429 0.00584 
 165  134 0.06429 0.00582 
 165  135 0.06160 0.00579 
 165  136 0.06080 0.00576 
 165  138 0.05784 0.00571 
 165  139 0.05542 0.00568 
 165  140 0.05488 0.00566 
 165  141 0.05542 0.00563 
 165  142 0.05165 0.00561 
 165  143 0.05165 0.00558 
 165  144 0.05192 0.00555 
 165  145 0.05192 0.00553 
 165  146 0.05219 0.00550 
 165  147 0.04842 0.00547 
 165  148 0.04869 0.00545 
 165  149 0.04681 0.00542 
 165  150 0.04358 0.00539 
 165  151 0.04250 0.00537 
 165  152 0.03928 0.00534 
 165  153 0.03605 0.00532 
 165  154 0.03417 0.00529 
 165  155 0.03417 0.00526 
 165  156 0.03282 0.00524 
 165  157 0.02959 0.00521 
 165  158 0.02771 0.00518 
 165  159 0.02663 0.00516 
 165  160 0.02394 0.00513 
 165  161 0.02287 0.00511 
 165  162 0.02018 0.00508 
 165  163 0.01480 0.00505 
 165  166 0.00861 0.00503 
 165  167 0.01614 0.00505 
 165  168 0.01883 0.00508 
 165  169 0.02206 0.00511 
 165  170 0.02367 0.00513 
 165  171 0.02771 0.00516 
 165  172 0.02932 0.00518 
 165  173 0.03094 0.00521 
 165  174 0.03309 0.00524 
 165  175 0.03551 0.00526 
 165  176 0.03766 0.00529 
 165  177 0.03955 0.00532 
 165  178 0.04089 0.00534 
 165  179 0.04385 0.00537 
 165  180 0.04519 0.00539 
 165  181 0.04815 0.00542 
 165  182 0.04950 0.00545 
 165  183 0.04977 0.00547 
 165  184 0.05138 0.00550 
 165  185 0.05327 0.00553 
 165  186 0.05488 0.00555 
 165  187 0.05622 0.00558 
 165  188 0.05838 0.00561 
 165  189 0.06160 0.00563 
 165  190 0.06241 0.00566 
 165  191 0.06564 0.00568 
 165  191 0.06806 0.00568 
 169  127 0.07075 0.00611 
 169  128 0.06860 0.00608 
 169  129 0.06887 0.00605 
 169  130 0.06833 0.00603 
 169  131 0.06725 0.00600 
 169  132 0.06564 0.00597 
 169  133 0.06645 0.00595 
 169  134 0.06672 0.00592 
 169  135 0.06376 0.00589 
 169  136 0.06241 0.00587 
 169  137 0.05865 0.00584 
 169  138 0.05811 0.00582 
 169  139 0.05730 0.00579 
 169  140 0.05488 0.00576 
 169  141 0.05327 0.00574 
 169  142 0.05407 0.00571 
 169  143 0.05407 0.00568 
 169  144 0.05407 0.00566 
 169  145 0.05488 0.00563 
 169  146 0.05327 0.00561 
 169  147 0.05219 0.00558 
 169  148 0.05165 0.00555 
 169  149 0.04842 0.00553 
 169  150 0.04842 0.00550 
 169  151 0.04735 0.00547 
 169  152 0.04277 0.00545 
 169  153 0.04035 0.00542 
 169  154 0.03928 0.00539 
 169  155 0.03820 0.00537 
 169  156 0.03820 0.00534 
 169  157 0.03605 0.00532 
 169  158 0.03417 0.00529 
 169  159 0.03309 0.00526 
 169  160 0.03201 0.00524 
 169  161 0.03013 0.00521 
 169  162 0.02798 0.00518 
 169  163 0.02556 0.00516 
 169  164 0.02260 0.00513 
 169  165 0.02071 0.00511 
 169  166 0.01776 0.00508 
 169  167 0.01480 0.00505 
 169  168 0.01076 0.00503 
 169  170 0.01076 0.00503 
 169  171 0.01533 0.00505 
 169  172 0.01883 0.00508 
 169  173 0.02071 0.00511 
 169  174 0.02340 0.00513 
 169  175 0.02502 0.00516 
 169  176 0.02717 0.00518 
 169  177 0.02959 0.00521 
 169  178 0.03255 0.00524 
 169  179 0.03417 0.00526 
 169  180 0.03605 0.00529 
 169  181 0.04008 0.00532 
 169  182 0.04170 0.00534 
 169  183 0.04224 0.00537 
 169  184 0.04519 0.00539 
 169  185 0.04627 0.00542 
 169  186 0.04815 0.00545 
 169  187 0.04977 0.00547 
 169  188 0.05380 0.00550 
 169  189 0.05730 0.00553 
 169  190 0.05945 0.00555 
 169  191 0.06053 0.00558 
 169  191 0.06456 0.00558 
 173  127 0.07317 0.00621 
 173  128 0.07183 0.00618 
 173  129 0.07210 0.00616 
 173  130 0.07183 0.00613 
 173  131 0.06994 0.00611 
 173  132 0.06941 0.00608 
 173  133 0.06968 0.00605 
 173  134 0.06941 0.00603 
 173  135 0.06860 0.00600 
 173  136 0.06672 0.00597 
 173  137 0.06510 0.00595 
 173  138 0.06376 0.00592 
 173  139 0.06268 0.00589 
 173  140 0.06107 0.00587 
 173  141 0.05945 0.00584 
 173  142 0.05730 0.00582 
 173  143 0.05757 0.00579 
 173  144 0.05865 0.00576 
 173  145 0.05972 0.00574 
 173  146 0.05972 0.00571 
 173  147 0.05703 0.00568 
 173  148 0.05703 0.00566 
 173  149 0.05596 0.00563 
 173  150 0.05434 0.00561 
 173  151 0.05219 0.00558 
 173  152 0.05004 0.00555 
 173  153 0.04815 0.00553 
 173  154 0.04546 0.00550 
 173  155 0.04412 0.00547 
 173  156 0.04412 0.00545 
 173  157 0.04304 0.00542 
 173  158 0.04008 0.00539 
 173  159 0.04035 0.00537 
 173  160 0.04035 0.00534 
 173  161 0.03874 0.00532 
 173  162 0.03605 0.00529 
 173  163 0.03470 0.00526 
 173  164 0.03201 0.00524 
 173  165 0.03013 0.00521 
 173  166 0.02744 0.00518 
 173  167 0.02583 0.00516 
 173  168 0.02287 0.00513 
 173  169 0.02152 0.00511 
 173  170 0.01991 0.00508 
 173  171 0.01560 0.00505 
 173  172 0.01264 0.00503 
 173  174 0.01237 0.00503 
 173  175 0.01695 0.00505 
 173  176 0.01910 0.00508 
 173  177 0.02314 0.00511 
 173  178 0.02502 0.00513 
 173  179 0.02690 0.00516 
 173  180 0.02986 0.00518 
 173  181 0.03201 0.00521 
 173  182 0.03497 0.00524 
 173  183 0.03632 0.00526 
 173  184 0.03955 0.00529 
 173  185 0.04143 0.00532 
 173  186 0.04385 0.00534 
 173  187 0.04546 0.00537 
 173  188 0.04923 0.00539 
 173  189 0.05353 0.00542 
 173  190 0.05730 0.00545 
 173  191 0.05865 0.00547 
 173  191 0.06295 0.00547 
 177  126 0.07344 0.00634 
 177  127 0.07317 0.00632 
 177  128 0.07452 0.00629 
 177  129 0.07559 0.00626 
 177  130 0.07452 0.00624 
 177  131 0.07344 0.00621 
 177  132 0.07425 0.00618 
 177  133 0.07344 0.00616 
 177  134 0.07425 0.00613 
 177  135 0.07048 0.00611 
 177  136 0.07075 0.00608 
 177  137 0.06887 0.00605 
 177  138 0.06860 0.00603 
 177  139 0.06645 0.00600 
 177  140 0.06510 0.00597 
 177  141 0.06322 0.00595 
 177  142 0.06241 0.00592 
 177  143 0.06403 0.00589 
 177  144 0.06510 0.00587 
 177  145 0.06510 0.00584 
 177  146 0.06645 0.00582 
 177  147 0.06214 0.00579 
 177  148 0.06295 0.00576 
 177  149 0.06268 0.00574 
 177  150 0.05945 0.00571 
 177  151 0.05999 0.00568 
 177  152 0.05649 0.00566 
 177  153 0.05327 0.00563 
 177  154 0.05246 0.00561 
 177  155 0.05084 0.00558 
 177  156 0.05111 0.00555 
 177  157 0.04815 0.00553 
 177  158 0.04600 0.00550 
 177  159 0.04788 0.00547 
 177  160 0.04627 0.00545 
 177  161 0.04869 0.00542 
 177  162 0.04519 0.00539 
 177  163 0.04412 0.00537 
 177  164 0.04062 0.00534 
 177  165 0.03928 0.00532 
 177  166 0.03739 0.00529 
 177  167 0.03363 0.00526 
 177  168 0.03201 0.00524 
 177  169 0.02959 0.00521 
 177  170 0.02905 0.00518 
 177  171 0.02771 0.00516 
 177  172 0.02636 0.00513 
 177  173 0.02206 0.00511 
 177  174 0.01829 0.00508 
 177  175 0.01506 0.00505 
 177  176 0.01130 0.00503 
 177  179 0.01695 0.00505 
 177  180 0.01964 0.00508 
 177  181 0.02340 0.00511 
 177  182 0.02636 0.00513 
 177  183 0.02771 0.00516 
 177  184 0.03094 0.00518 
 177  185 0.03282 0.00521 
 177  186 0.03578 0.00524 
 177  187 0.03820 0.00526 
 177  188 0.04224 0.00529 
 177  189 0.04573 0.00532 
 177  190 0.04869 0.00534 
 177  191 0.05165 0.00537 
 177  191 0.05622 0.00537 
 181  126 0.07532 0.00645 
 181  127 0.07506 0.00642 
 181  128 0.07506 0.00639 
 181  129 0.07640 0.00637 
 181  130 0.07479 0.00634 
 181  131 0.07290 0.00632 
 181  132 0.07452 0.00629 
 181  133 0.07425 0.00626 
 181  134 0.07371 0.00624 
 181  135 0.07290 0.00621 
 181  136 0.07075 0.00618 
 181  137 0.06860 0.00616 
 181  138 0.06968 0.00613 
 181  139 0.06672 0.00611 
 181  140 0.06591 0.00608 
 181  141 0.06672 0.00605 
 181  142 0.06483 0.00603 
 181  143 0.06564 0.00600 
 181  144 0.06806 0.00597 
 181  145 0.06752 0.00595 
 181  146 0.06887 0.00592 
 181  147 0.06537 0.00589 
 181  148 0.06618 0.00587 
 181  149 0.06672 0.00584 
 181  150 0.06403 0.00582 
 181  151 0.06349 0.00579 
 181  152 0.06107 0.00576 
 181  153 0.05865 0.00574 
 181  154 0.05811 0.00571 
 181  155 0.05730 0.00568 
 181  156 0.05703 0.00566 
 181  157 0.05569 0.00563 
 181  158 0.05300 0.00561 
 181  159 0.05353 0.00558 
 181  160 0.05219 0.00555 
 181  161 0.05165 0.00553 
 181  162 0.05165 0.00550 
 181  163 0.05111 0.00547 
 181  164 0.04842 0.00545 
 181  165 0.04842 0.00542 
 181  166 0.04546 0.00539 
 181  167 0.04439 0.00537 
 181  168 0.04224 0.00534 
 181  169 0.04035 0.00532 
 181  170 0.03793 0.00529 
 181  171 0.03712 0.00526 
 181  172 0.03524 0.00524 
 181  173 0.03336 0.00521 
 181  174 0.02878 0.00518 
 181  175 0.02690 0.00516 
 181  176 0.02367 0.00513 
 181  177 0.02125 0.00511 
 181  178 0.01829 0.00508 
 181  179 0.01372 0.00505 
 181  180 0.01103 0.00503 
 181  182 0.01211 0.00503 
 181  183 0.01291 0.00505 
 181  184 0.01856 0.00508 
 181  185 0.01964 0.00511 
 181  186 0.02421 0.00513 
 181  187 0.02583 0.00516 
 181  188 0.03013 0.00518 
 181  189 0.03524 0.00521 
 181  190 0.03766 0.00524 
 181  191 0.03955 0.00526 
 181  191 0.04466 0.00526 
 185  135 0.07290 0.00632 
 185  136 0.07210 0.00629 
 185  137 0.07102 0.00626 
 185  138 0.06887 0.00624 
 185  139 0.06699 0.00621 
 185  140 0.06779 0.00618 
 185  141 0.06510 0.00616 
 185  142 0.06510 0.00613 
 185  143 0.06591 0.00611 
 185  144 0.06860 0.00608 
 185  145 0.06860 0.00605 
 185  146 0.06887 0.00603 
 185  147 0.06645 0.00600 
 185  148 0.06779 0.00597 
 185  149 0.06645 0.00595 
 185  150 0.06483 0.00592 
 185  151 0.06645 0.00589 
 185  152 0.06456 0.00587 
 185  153 0.06268 0.00584 
 185  154 0.06134 0.00582 
 185  155 0.05945 0.00579 
 185  156 0.06053 0.00576 
 185  157 0.05838 0.00574 
 185  158 0.05649 0.00571 
 185  159 0.05757 0.00568 
 185  160 0.05676 0.00566 
 185  161 0.05703 0.00563 
 185  162 0.05999 0.00561 
 185  163 0.05972 0.00558 
 185  164 0.05838 0.00555 
 185  165 0.05757 0.00553 
 185  166 0.05542 0.00550 
 185  167 0.05300 0.00547 
 185  168 0.04950 0.00545 
 185  169 0.04923 0.00542 
 185  170 0.04788 0.00539 
 185  171 0.04681 0.00537 
 185  172 0.04573 0.00534 
 185  173 0.04250 0.00532 
 185  174 0.03981 0.00529 
 185  175 0.03847 0.00526 
 185  176 0.03551 0.00524 
 185  177 0.03363 0.00521 
 185  178 0.03040 0.00518 
 185  179 0.02798 0.00516 
 185  180 0.02421 0.00513 
 185  181 0.02071 0.00511 
 185  182 0.01910 0.00508 
 185  183 0.01614 0.00505 
 185  184 0.01426 0.00503 
 185  186 0.01318 0.00503 
 185  187 0.01641 0.00505 
 185  188 0.02071 0.00508 
 185  189 0.02421 0.00511 
 185  190 0.02771 0.00513 
 185  191 0.03121 0.00516 
 185  191 0.03443 0.00516 
 189  130 0.07721 0.00655 
 189  131 0.07613 0.00653 
 189  132 0.07586 0.00650 
 189  133 0.07640 0.00647 
 189  134 0.07506 0.00645 
 189  135 0.07290 0.00642 
 189  136 0.07183 0.00639 
 189  137 0.07102 0.00637 
 189  138 0.06968 0.00634 
 189  139 0.06833 0.00632 
 189  140 0.06672 0.00629 
 189  141 0.06483 0.00626 
 189  142 0.06672 0.00624 
 189  143 0.06645 0.00621 
 189  144 0.06914 0.00618 
 189  145 0.07075 0.00616 
 189  146 0.06968 0.00613 
 189  147 0.06806 0.00611 
 189  148 0.06914 0.00608 
 189  149 0.06833 0.00605 
 189  150 0.06752 0.00603 
 189  151 0.06941 0.00600 
 189  152 0.06699 0.00597 
 189  153 0.06591 0.00595 
 189  154 0.06510 0.00592 
 189  155 0.06403 0.00589 
 189  156 0.06429 0.00587 
 189  157 0.06403 0.00584 
 189  158 0.06160 0.00582 
 189  159 0.06241 0.00579 
 189  160 0.06187 0.00576 
 189  162 0.06403 0.00571 
 189  163 0.06564 0.00568 
 189  164 0.06429 0.00566 
 189  165 0.06349 0.00563 
 189  166 0.06376 0.00561 
 189  167 0.06268 0.00558 
 189  168 0.05972 0.00555 
 189  169 0.05838 0.00553 
 189  170 0.05703 0.00550 
 189  171 0.05703 0.00547 
 189  172 0.05488 0.00545 
 189  173 0.05353 0.00542 
 189  174 0.05246 0.00539 
 189  175 0.04950 0.00537 
 189  176 0.04600 0.00534 
 189  177 0.04573 0.00532 
 189  178 0.04331 0.00529 
 189  179 0.04089 0.00526 
 189  180 0.03820 0.00524 
 189  181 0.03470 0.00521 
 189  182 0.03282 0.00518 
 189  183 0.02986 0.00516 
 189  184 0.02771 0.00513 
 189  185 0.02394 0.00511 
 189  186 0.02045 0.00508 
 189  187 0.01614 0.00505 
 189  188 0.01426 0.00503 
 189  190 0.01453 0.00503 
 189  191 0.02179 0.00505 
 189  191 0.02314 0.00505 
 191  132 0.07479 0.00655 
 191  133 0.07506 0.00653 
 191  134 0.07425 0.00650 
 191  135 0.07237 0.00647 
 191  136 0.07210 0.00645 
 191  137 0.07102 0.00642 
 191  138 0.06914 0.00639 
 191  139 0.06806 0.00637 
 191  140 0.06564 0.00634 
 191  141 0.06456 0.00632 
 191  142 0.06403 0.00629 
 191  143 0.06725 0.00626 
 191  144 0.06752 0.00624 
 191  145 0.06699 0.00621 
 191  146 0.06564 0.00618 
 191  147 0.06537 0.00616 
 191  148 0.06699 0.00613 
 191  149 0.06752 0.00611 
 191  150 0.06699 0.00608 
 191  151 0.06645 0.00605 
 191  152 0.06483 0.00603 
 191  153 0.06322 0.00600 
 191  154 0.06295 0.00597 
 191  155 0.06187 0.00595 
 191  156 0.06295 0.00592 
 191  157 0.06537 0.00589 
 191  158 0.06429 0.00587 
 191  160 0.06806 0.00582 
 191  162 0.06968 0.00576 
 191  163 0.07075 0.00574 
 191  164 0.06779 0.00571 
 191  165 0.06779 0.00568 
 191  166 0.06860 0.00566 
 191  167 0.06887 0.00563 
 191  168 0.06725 0.00561 
 191  169 0.06483 0.00558 
 191  170 0.06618 0.00555 
 191  171 0.06483 0.00553 
 191  172 0.06376 0.00550 
 191  173 0.06187 0.00547 
 191  174 0.05891 0.00545 
 191  175 0.05811 0.00542 
 191  176 0.05596 0.00539 
 191  177 0.05300 0.00537 
 191  178 0.05219 0.00534 
 191  179 0.04896 0.00532 
 191  180 0.04681 0.00529 
 191  181 0.04493 0.00526 
 191  182 0.04224 0.00524 
 191  183 0.03847 0.00521 
 191  184 0.03551 0.00518 
 191  185 0.03282 0.00516 
 191  186 0.02905 0.00513 
 191  187 0.02583 0.00511 
 191  188 0.02475 0.00508 
 191  189 0.02179 0.00505 
 191  190 0.01587 0.00503 
 191  190 0.01587 0.00503 
