    0.0000     1.0000     0.0038
    0.0000     2.0000     0.0118
    0.0000     4.0000     0.0152
    0.0000     6.0000     0.0170
    0.0000     8.0000     0.0260
    0.0000    10.0000     0.0284
    0.0000    12.0000     0.0322
    0.0000    14.0000     0.0355
    0.0000    16.0000     0.0398
    0.0000    18.0000     0.0444
    0.0000    20.0000     0.0487
    0.0000    22.0000     0.0530
    0.0000    24.0000     0.0549
    0.0000    26.0000     0.0592
    0.0000    28.0000     0.0653
    0.0000    30.0000     0.0706
    0.0000    32.0000     0.0720
    0.0000    34.0000     0.0767
    0.0000    36.0000     0.0800
    0.0000    38.0000     0.0833
    0.0000    40.0000     0.0848
    0.0000    46.0000     0.0923
    0.0000    50.0000     0.0923
    0.0000    52.0000     0.0914
    0.0000    54.0000     0.0928
    0.0000    68.0000     0.1174
    0.0000    72.0000     0.1193
    0.0000    74.0000     0.1240
    0.0000    76.0000     0.1226
    0.0000    78.0000     0.1302
    0.0000    82.0000     0.1240
    0.0000    84.0000     0.1217
    0.0000    86.0000     0.1198
    0.0000    88.0000     0.1179
    0.0000    94.0000     0.1203
    0.0000    96.0000     0.1274
    0.0000    98.0000     0.1203
    0.0000   100.0000     0.1198
    0.0000   102.0000     0.1222
    0.0000   104.0000     0.1193
    0.0000   106.0000     0.1231
    0.0000   108.0000     0.1250
    0.0000   110.0000     0.1232
    0.0000   112.0000     0.1261
    0.0000   114.0000     0.1284
    0.0000   116.0000     0.1267
    0.0000   118.0000     0.1308
    0.0000   120.0000     0.1372
    0.0000   122.0000     0.1378
    0.0000   124.0000     0.1407
    0.0000   126.0000     0.1484
    0.0000   128.0000     0.1443
    0.0000   130.0000     0.1431
    0.0000   132.0000     0.1419
    0.0000   134.0000     0.1437
    0.0000   136.0000     0.1507
    0.0000   138.0000     0.1443
    0.0000   144.0000     0.1396
    0.0000   146.0000     0.1407
    0.0000   148.0000     0.1437
   15.0000     0.0000     0.0403
   15.0000     2.0000     0.0371
   15.0000     4.0000     0.0360
   15.0000     6.0000     0.0331
   15.0000     8.0000     0.0309
   15.0000    10.0000     0.0239
   15.0000    12.0000     0.0191
   15.0000    14.0000     0.0116
   15.0000    16.0000     0.0118
   15.0000    18.0000     0.0196
   15.0000    20.0000     0.0250
   15.0000    22.0000     0.0283
   15.0000    24.0000     0.0331
   15.0000    26.0000     0.0406
   15.0000    28.0000     0.0444
   15.0000    30.0000     0.0487
   15.0000    32.0000     0.0543
   15.0000    34.0000     0.0562
   15.0000    36.0000     0.0646
   15.0000    38.0000     0.0669
   15.0000    40.0000     0.0688
   15.0000    44.0000     0.0679
   15.0000    46.0000     0.0702
   15.0000    50.0000     0.0749
   15.0000    52.0000     0.0754
   15.0000    54.0000     0.0786
   15.0000    56.0000     0.0772
   15.0000    58.0000     0.0838
   15.0000    68.0000     0.0974
   15.0000    70.0000     0.0978
   15.0000    72.0000     0.1002
   15.0000    74.0000     0.1063
   15.0000    76.0000     0.1072
   15.0000    78.0000     0.1077
   15.0000    80.0000     0.1138
   15.0000    82.0000     0.1109
   15.0000    84.0000     0.1123
   15.0000    86.0000     0.1156
   15.0000    88.0000     0.1063
   15.0000    90.0000     0.1086
   15.0000    92.0000     0.1105
   15.0000    94.0000     0.1114
   15.0000    96.0000     0.1119
   15.0000    98.0000     0.1100
   15.0000   100.0000     0.1086
   15.0000   102.0000     0.1109
   15.0000   104.0000     0.1086
   15.0000   106.0000     0.1128
   15.0000   108.0000     0.1109
   15.0000   112.0000     0.1138
   15.0000   114.0000     0.1147
   15.0000   116.0000     0.1123
   15.0000   118.0000     0.1198
   15.0000   120.0000     0.1240
   15.0000   122.0000     0.1268
   15.0000   130.0000     0.1301
   15.0000   132.0000     0.1287
   15.0000   134.0000     0.1297
   15.0000   136.0000     0.1301
   15.0000   138.0000     0.1278
   15.0000   140.0000     0.1236
   15.0000   142.0000     0.1264
   15.0000   144.0000     0.1287
   15.0000   146.0000     0.1283
   30.0000     0.0000     0.0700
   30.0000     2.0000     0.0681
   30.0000     4.0000     0.0686
   30.0000     8.0000     0.0624
   30.0000    10.0000     0.0571
   30.0000    12.0000     0.0560
   30.0000    14.0000     0.0508
   30.0000    16.0000     0.0465
   30.0000    18.0000     0.0433
   30.0000    20.0000     0.0405
   30.0000    22.0000     0.0348
   30.0000    24.0000     0.0300
   30.0000    26.0000     0.0248
   30.0000    28.0000     0.0176
   30.0000    32.0000     0.0205
   30.0000    34.0000     0.0290
   30.0000    36.0000     0.0357
   30.0000    38.0000     0.0391
   30.0000    40.0000     0.0443
   30.0000    42.0000     0.0529
   30.0000    44.0000     0.0452
   30.0000    46.0000     0.0505
   30.0000    50.0000     0.0571
   30.0000    52.0000     0.0605
   30.0000    54.0000     0.0657
   30.0000    56.0000     0.0700
   30.0000    58.0000     0.0648
   30.0000    60.0000     0.0748
   30.0000    62.0000     0.0814
   30.0000    64.0000     0.0857
   30.0000    66.0000     0.0900
   30.0000    98.0000     0.1148
   30.0000   100.0000     0.1114
   30.0000   102.0000     0.1157
   30.0000   104.0000     0.1114
   30.0000   108.0000     0.1171
   30.0000   110.0000     0.1157
   30.0000   112.0000     0.1162
   30.0000   114.0000     0.1176
   30.0000   116.0000     0.1181
   30.0000   118.0000     0.1219
   30.0000   120.0000     0.1247
   30.0000   122.0000     0.1276
   30.0000   124.0000     0.1314
   30.0000   126.0000     0.1367
   30.0000   128.0000     0.1343
   30.0000   130.0000     0.1395
   30.0000   132.0000     0.1328
   30.0000   134.0000     0.1319
   30.0000   136.0000     0.1319
   30.0000   138.0000     0.1305
   30.0000   142.0000     0.1300
   30.0000   144.0000     0.1290
   30.0000   146.0000     0.1319
   30.0000   148.0000     0.1352
   30.0000   150.0000     0.1348
   30.0000   152.0000     0.1309
   30.0000   154.0000     0.1333
   30.0000   158.0000     0.1376
   30.0000   160.0000     0.1390
   30.0000   162.0000     0.1405
   30.0000   166.0000     0.1476
   30.0000   170.0000     0.1533
   30.0000   172.0000     0.1495
   30.0000   174.0000     0.1467
   30.0000   176.0000     0.1495
   30.0000   178.0000     0.1471
   30.0000   182.0000     0.1490
   30.0000   184.0000     0.1505
   30.0000   186.0000     0.1514
   30.0000   188.0000     0.1557
   30.0000   190.0000     0.1576
   45.0000     0.0000     0.0877
   45.0000     2.0000     0.0839
   45.0000     4.0000     0.0818
   45.0000     8.0000     0.0796
   45.0000    10.0000     0.0756
   45.0000    12.0000     0.0732
   45.0000    14.0000     0.0718
   45.0000    16.0000     0.0710
   45.0000    18.0000     0.0702
   45.0000    20.0000     0.0699
   45.0000    22.0000     0.0651
   45.0000    24.0000     0.0643
   45.0000    26.0000     0.0611
   45.0000    28.0000     0.0576
   45.0000    30.0000     0.0506
   45.0000    32.0000     0.0476
   45.0000    34.0000     0.0433
   45.0000    36.0000     0.0377
   45.0000    38.0000     0.0326
   45.0000    40.0000     0.0315
   45.0000    42.0000     0.0283
   45.0000    44.0000     0.0132
   45.0000    46.0000     0.0143
   45.0000    50.0000     0.0323
   45.0000    52.0000     0.0360
   45.0000    54.0000     0.0401
   45.0000    56.0000     0.0401
   45.0000    58.0000     0.0455
   45.0000    60.0000     0.0541
   45.0000    62.0000     0.0570
   45.0000    64.0000     0.0664
   45.0000    66.0000     0.0669
   45.0000    68.0000     0.0817
   45.0000    70.0000     0.0836
   45.0000    72.0000     0.0868
   45.0000    74.0000     0.0940
   45.0000    76.0000     0.0992
   45.0000    78.0000     0.1019
   45.0000    80.0000     0.1089
   45.0000    82.0000     0.1062
   45.0000    84.0000     0.1058
   45.0000    86.0000     0.1106
   45.0000    88.0000     0.1076
   45.0000    90.0000     0.1168
   45.0000    92.0000     0.1203
   45.0000    94.0000     0.1163
   45.0000    96.0000     0.1137
   45.0000    98.0000     0.1146
   45.0000   100.0000     0.1106
   45.0000   102.0000     0.1133
   45.0000   104.0000     0.1119
   45.0000   106.0000     0.1146
   45.0000   108.0000     0.1137
   45.0000   110.0000     0.1168
   45.0000   112.0000     0.1190
   45.0000   114.0000     0.1198
   45.0000   116.0000     0.1194
   45.0000   118.0000     0.1198
   60.0000     0.0000     0.1113
   60.0000     2.0000     0.1072
   60.0000     4.0000     0.1053
   60.0000     8.0000     0.0980
   60.0000    10.0000     0.0957
   60.0000    12.0000     0.0934
   60.0000    14.0000     0.0915
   60.0000    16.0000     0.0892
   60.0000    18.0000     0.0879
   60.0000    20.0000     0.0883
   60.0000    22.0000     0.0860
   60.0000    24.0000     0.0846
   60.0000    26.0000     0.0805
   60.0000    28.0000     0.0777
   60.0000    30.0000     0.0759
   60.0000    32.0000     0.0754
   60.0000    34.0000     0.0704
   60.0000    36.0000     0.0704
   60.0000    38.0000     0.0630
   60.0000    40.0000     0.0658
   60.0000    42.0000     0.0635
   60.0000    44.0000     0.0570
   60.0000    46.0000     0.0538
   60.0000    50.0000     0.0446
   60.0000    52.0000     0.0386
   60.0000    54.0000     0.0336
   60.0000    56.0000     0.0271
   60.0000    58.0000     0.0161
   60.0000    62.0000     0.0230
   60.0000    64.0000     0.0299
   60.0000    66.0000     0.0350
   60.0000    68.0000     0.0428
   60.0000    70.0000     0.0465
   60.0000    72.0000     0.0529
   60.0000    74.0000     0.0515
   60.0000    76.0000     0.0534
   60.0000    78.0000     0.0603
   60.0000    80.0000     0.0598
   60.0000    82.0000     0.0653
   60.0000    86.0000     0.0654
   60.0000    88.0000     0.0696
   60.0000    90.0000     0.0719
   60.0000    94.0000     0.0815
   60.0000    96.0000     0.0838
   60.0000    98.0000     0.0838
   60.0000   112.0000     0.1087
   60.0000   114.0000     0.1100
   60.0000   116.0000     0.1137
   60.0000   118.0000     0.1169
   60.0000   120.0000     0.1197
   60.0000   122.0000     0.1248
   60.0000   124.0000     0.1266
   60.0000   126.0000     0.1294
   60.0000   128.0000     0.1261
   60.0000   132.0000     0.1261
   60.0000   134.0000     0.1275
   60.0000   136.0000     0.1275
   60.0000   138.0000     0.1248
   60.0000   142.0000     0.1243
   60.0000   144.0000     0.1266
   60.0000   146.0000     0.1280
   60.0000   148.0000     0.1284
   60.0000   150.0000     0.1307
   60.0000   152.0000     0.1257
   60.0000   154.0000     0.1317
   60.0000   156.0000     0.1386
   60.0000   158.0000     0.1372
   60.0000   162.0000     0.1349
   60.0000   172.0000     0.1418
   60.0000   174.0000     0.1432
   60.0000   176.0000     0.1422
   60.0000   178.0000     0.1418
   60.0000   182.0000     0.1432
   60.0000   184.0000     0.1473
   60.0000   186.0000     0.1491
   60.0000   188.0000     0.1487
   60.0000   190.0000     0.1482
   75.0000     0.0000     0.1224
   75.0000     2.0000     0.1215
   75.0000     8.0000     0.1161
   75.0000    10.0000     0.1134
   75.0000    12.0000     0.1130
   75.0000    14.0000     0.1103
   75.0000    16.0000     0.1076
   75.0000    18.0000     0.1063
   75.0000    20.0000     0.1081
   75.0000    22.0000     0.1065
   75.0000    24.0000     0.1092
   75.0000    26.0000     0.1078
   75.0000    28.0000     0.1074
   75.0000    30.0000     0.1047
   75.0000    32.0000     0.1029
   75.0000    34.0000     0.0989
   75.0000    36.0000     0.1020
   75.0000    38.0000     0.0998
   75.0000    42.0000     0.0989
   75.0000    44.0000     0.0949
   75.0000    46.0000     0.0944
   75.0000    50.0000     0.0824
   75.0000    52.0000     0.0725
   75.0000    54.0000     0.0703
   75.0000    58.0000     0.0587
   75.0000    60.0000     0.0565
   75.0000    64.0000     0.0453
   75.0000    70.0000     0.0234
   75.0000    72.0000     0.0216
   75.0000    78.0000     0.0181
   75.0000    80.0000     0.0243
   75.0000    82.0000     0.0288
   75.0000    84.0000     0.0319
   75.0000    86.0000     0.0359
   75.0000    88.0000     0.0408
   75.0000    90.0000     0.0462
   75.0000    92.0000     0.0560
   75.0000    94.0000     0.0623
   75.0000    96.0000     0.0685
   75.0000    98.0000     0.0743
   75.0000   100.0000     0.0770
   75.0000   102.0000     0.0824
   75.0000   104.0000     0.0886
   75.0000   106.0000     0.0900
   75.0000   108.0000     0.0895
   75.0000   110.0000     0.0913
   75.0000   112.0000     0.0949
   75.0000   114.0000     0.0966
   75.0000   116.0000     0.0953
   75.0000   118.0000     0.1020
   75.0000   120.0000     0.1065
   75.0000   122.0000     0.1038
   75.0000   124.0000     0.1114
   75.0000   126.0000     0.1230
   90.0000     0.0000     0.1177
   90.0000     2.0000     0.1177
   90.0000     8.0000     0.1122
   90.0000    10.0000     0.1095
   90.0000    12.0000     0.1050
   90.0000    16.0000     0.1027
   90.0000    18.0000     0.1023
   90.0000    20.0000     0.1027
   90.0000    24.0000     0.1100
   90.0000    26.0000     0.1104
   90.0000    28.0000     0.1082
   90.0000    60.0000     0.0700
   90.0000    62.0000     0.0676
   90.0000    66.0000     0.0648
   90.0000    68.0000     0.0624
   90.0000    70.0000     0.0539
   90.0000    72.0000     0.0520
   90.0000    74.0000     0.0458
   90.0000    76.0000     0.0435
   90.0000    78.0000     0.0406
   90.0000    80.0000     0.0387
   90.0000    82.0000     0.0312
   90.0000    84.0000     0.0243
   90.0000    86.0000     0.0229
   90.0000    88.0000     0.0186
   90.0000    92.0000     0.0196
   90.0000    94.0000     0.0257
   90.0000    96.0000     0.0338
   90.0000    98.0000     0.0380
   90.0000   100.0000     0.0442
   90.0000   102.0000     0.0508
   90.0000   104.0000     0.0551
   90.0000   106.0000     0.0622
   90.0000   108.0000     0.0698
   90.0000   110.0000     0.0693
   90.0000   112.0000     0.0740
   90.0000   114.0000     0.0740
   90.0000   116.0000     0.0750
   90.0000   118.0000     0.0788
   90.0000   120.0000     0.0844
   90.0000   122.0000     0.0863
   90.0000   124.0000     0.0977
   90.0000   126.0000     0.1057
   90.0000   128.0000     0.1081
   90.0000   130.0000     0.1128
   90.0000   132.0000     0.1138
   90.0000   134.0000     0.1166
   90.0000   136.0000     0.1159
   90.0000   138.0000     0.1149
   90.0000   140.0000     0.1125
   90.0000   142.0000     0.1149
   90.0000   148.0000     0.1192
   90.0000   150.0000     0.1192
   90.0000   152.0000     0.1173
   90.0000   178.0000     0.1315
   90.0000   182.0000     0.1301
   90.0000   184.0000     0.1320
   90.0000   186.0000     0.1353
   90.0000   188.0000     0.1362
  105.0000     0.0000     0.1231
  105.0000     2.0000     0.1211
  105.0000     8.0000     0.1151
  105.0000    10.0000     0.1135
  105.0000    12.0000     0.1139
  105.0000    14.0000     0.1106
  105.0000    16.0000     0.1078
  105.0000    18.0000     0.1070
  105.0000    22.0000     0.1090
  105.0000    24.0000     0.1119
  105.0000    26.0000     0.1167
  105.0000    28.0000     0.1159
  105.0000    30.0000     0.1171
  105.0000    32.0000     0.1167
  105.0000    36.0000     0.1167
  105.0000    46.0000     0.1135
  105.0000    48.0000     0.1139
  105.0000    50.0000     0.1102
  105.0000    52.0000     0.1070
  105.0000    54.0000     0.1070
  105.0000    58.0000     0.1037
  105.0000    60.0000     0.0977
  105.0000    70.0000     0.0952
  105.0000    72.0000     0.0924
  105.0000    74.0000     0.0900
  105.0000    76.0000     0.0876
  105.0000    78.0000     0.0851
  105.0000    80.0000     0.0819
  105.0000    82.0000     0.0807
  105.0000    84.0000     0.0775
  105.0000    86.0000     0.0742
  105.0000    88.0000     0.0678
  105.0000    90.0000     0.0625
  105.0000    92.0000     0.0581
  105.0000    94.0000     0.0517
  105.0000    96.0000     0.0456
  105.0000    98.0000     0.0383
  105.0000   100.0000     0.0327
  105.0000   102.0000     0.0283
  105.0000   104.0000     0.0124
  105.0000   108.0000     0.0282
  105.0000   110.0000     0.0330
  105.0000   112.0000     0.0371
  105.0000   114.0000     0.0407
  105.0000   116.0000     0.0443
  105.0000   118.0000     0.0488
  105.0000   120.0000     0.0552
  105.0000   122.0000     0.0621
  105.0000   124.0000     0.0657
  105.0000   126.0000     0.0754
  105.0000   128.0000     0.0790
  105.0000   130.0000     0.0806
  105.0000   132.0000     0.0835
  105.0000   134.0000     0.0851
  105.0000   136.0000     0.0899
  105.0000   138.0000     0.0920
  105.0000   140.0000     0.0920
  105.0000   142.0000     0.0972
  105.0000   144.0000     0.1016
  105.0000   146.0000     0.1049
  105.0000   148.0000     0.1089
  105.0000   150.0000     0.1093
  105.0000   152.0000     0.1073
  105.0000   154.0000     0.1129
  105.0000   156.0000     0.1182
  105.0000   158.0000     0.1174
  105.0000   160.0000     0.1146
  105.0000   162.0000     0.1154
  105.0000   168.0000     0.1234
  105.0000   170.0000     0.1218
  105.0000   174.0000     0.1234
  105.0000   176.0000     0.1218
  105.0000   178.0000     0.1226
  105.0000   182.0000     0.1222
  105.0000   184.0000     0.1255
  105.0000   186.0000     0.1271
  105.0000   188.0000     0.1295
  105.0000   190.0000     0.1311
  120.0000    74.0000     0.1189
  120.0000    78.0000     0.1153
  120.0000    80.0000     0.1157
  120.0000    82.0000     0.1074
  120.0000    84.0000     0.1034
  120.0000    86.0000     0.0978
  120.0000    88.0000     0.0954
  120.0000    90.0000     0.0871
  120.0000    92.0000     0.0887
  120.0000    94.0000     0.0835
  120.0000    96.0000     0.0803
  120.0000    98.0000     0.0771
  120.0000   100.0000     0.0696
  120.0000   102.0000     0.0644
  120.0000   104.0000     0.0584
  120.0000   106.0000     0.0536
  120.0000   108.0000     0.0481
  120.0000   110.0000     0.0425
  120.0000   112.0000     0.0333
  120.0000   114.0000     0.0282
  120.0000   116.0000     0.0213
  120.0000   118.0000     0.0125
  120.0000   122.0000     0.0157
  120.0000   124.0000     0.0217
  120.0000   126.0000     0.0320
  120.0000   128.0000     0.0368
  120.0000   130.0000     0.0424
  120.0000   132.0000     0.0456
  120.0000   134.0000     0.0507
  120.0000   136.0000     0.0539
  120.0000   138.0000     0.0551
  120.0000   140.0000     0.0631
  120.0000   142.0000     0.0627
  120.0000   144.0000     0.0671
  120.0000   146.0000     0.0698
  120.0000   148.0000     0.0766
  120.0000   150.0000     0.0726
  120.0000   152.0000     0.0714
  120.0000   154.0000     0.0707
  120.0000   156.0000     0.0838
  120.0000   158.0000     0.0882
  120.0000   160.0000     0.0854
  120.0000   162.0000     0.0934
  120.0000   172.0000     0.1125
  120.0000   174.0000     0.1129
  120.0000   178.0000     0.1164
  135.0000    86.0000     0.1252
  135.0000    88.0000     0.1231
  135.0000    90.0000     0.1193
  135.0000    92.0000     0.1152
  135.0000    94.0000     0.1127
  135.0000    96.0000     0.1089
  135.0000    98.0000     0.1068
  135.0000   100.0000     0.1093
  135.0000   102.0000     0.1026
  135.0000   104.0000     0.1006
  135.0000   106.0000     0.0968
  135.0000   108.0000     0.0889
  135.0000   110.0000     0.0845
  135.0000   112.0000     0.0789
  135.0000   114.0000     0.0718
  135.0000   116.0000     0.0664
  135.0000   118.0000     0.0614
  135.0000   120.0000     0.0568
  135.0000   122.0000     0.0513
  135.0000   124.0000     0.0443
  135.0000   126.0000     0.0413
  135.0000   128.0000     0.0330
  135.0000   130.0000     0.0286
  135.0000   132.0000     0.0219
  135.0000   134.0000     0.0123
  135.0000   136.0000     0.0149
  135.0000   138.0000     0.0215
  135.0000   140.0000     0.0273
  135.0000   142.0000     0.0319
  135.0000   144.0000     0.0349
  135.0000   146.0000     0.0403
  135.0000   148.0000     0.0461
  135.0000   150.0000     0.0507
  135.0000   152.0000     0.0532
  135.0000   154.0000     0.0595
  135.0000   156.0000     0.0670
  135.0000   158.0000     0.0720
  135.0000   160.0000     0.0749
  135.0000   162.0000     0.0774
  135.0000   164.0000     0.0857
  135.0000   166.0000     0.0887
  135.0000   168.0000     0.0916
  135.0000   170.0000     0.0941
  135.0000   172.0000     0.0995
  135.0000   174.0000     0.1041
  135.0000   176.0000     0.1057
  135.0000   178.0000     0.1091
  135.0000   180.0000     0.1099
  135.0000   182.0000     0.1128
  135.0000   184.0000     0.1166
  135.0000   186.0000     0.1195
  135.0000   188.0000     0.1203
  135.0000   190.0000     0.1237
  150.0000    90.0000     0.1192
  150.0000    92.0000     0.1221
  150.0000    94.0000     0.1160
  150.0000    96.0000     0.1155
  150.0000    98.0000     0.1152
  150.0000   100.0000     0.1139
  150.0000   102.0000     0.1143
  150.0000   104.0000     0.1086
  150.0000   106.0000     0.1053
  150.0000   108.0000     0.1012
  150.0000   110.0000     0.0971
  150.0000   112.0000     0.0930
  150.0000   114.0000     0.0873
  150.0000   116.0000     0.0808
  150.0000   118.0000     0.0775
  150.0000   120.0000     0.0722
  150.0000   122.0000     0.0677
  150.0000   124.0000     0.0652
  150.0000   126.0000     0.0648
  150.0000   128.0000     0.0652
  150.0000   130.0000     0.0620
  150.0000   132.0000     0.0550
  150.0000   136.0000     0.0481
  150.0000   138.0000     0.0444
  150.0000   140.0000     0.0407
  150.0000   142.0000     0.0366
  150.0000   144.0000     0.0329
  150.0000   146.0000     0.0297
  150.0000   148.0000     0.0248
  150.0000   152.0000     0.0162
  150.0000   154.0000     0.0321
  150.0000   156.0000     0.0374
  150.0000   158.0000     0.0423
  150.0000   160.0000     0.0452
  150.0000   162.0000     0.0489
  150.0000   164.0000     0.0563
  150.0000   166.0000     0.0607
  150.0000   168.0000     0.0612
  150.0000   172.0000     0.0783
  150.0000   174.0000     0.0820
  150.0000   176.0000     0.0845
  150.0000   178.0000     0.0861
  150.0000   180.0000     0.0898
  150.0000   182.0000     0.0922
  150.0000   184.0000     0.0955
  150.0000   186.0000     0.0984
  150.0000   188.0000     0.1012
  150.0000   190.0000     0.1049
  165.0000   112.0000     0.1173
  165.0000   114.0000     0.1113
  165.0000   116.0000     0.1063
  165.0000   118.0000     0.1044
  165.0000   120.0000     0.0994
  165.0000   122.0000     0.0948
  165.0000   124.0000     0.0934
  165.0000   126.0000     0.0938
  165.0000   130.0000     0.0874
  165.0000   132.0000     0.0837
  165.0000   134.0000     0.0805
  165.0000   136.0000     0.0810
  165.0000   138.0000     0.0768
  165.0000   140.0000     0.0750
  165.0000   142.0000     0.0722
  165.0000   144.0000     0.0727
  165.0000   146.0000     0.0695
  165.0000   148.0000     0.0672
  165.0000   150.0000     0.0630
  165.0000   152.0000     0.0520
  165.0000   154.0000     0.0543
  165.0000   156.0000     0.0497
  165.0000   158.0000     0.0423
  165.0000   160.0000     0.0345
  165.0000   162.0000     0.0262
  165.0000   168.0000     0.0299
  165.0000   170.0000     0.0294
  165.0000   172.0000     0.0354
  165.0000   174.0000     0.0382
  165.0000   176.0000     0.0451
  165.0000   178.0000     0.0478
  165.0000   180.0000     0.0534
  165.0000   182.0000     0.0584
  165.0000   184.0000     0.0630
  165.0000   186.0000     0.0667
  165.0000   188.0000     0.0704
  165.0000   190.0000     0.0750
  180.0000    80.0000     0.1447
  180.0000    82.0000     0.1401
  180.0000    84.0000     0.1380
  180.0000    86.0000     0.1395
  180.0000    88.0000     0.1395
  180.0000    90.0000     0.1365
  180.0000    92.0000     0.1370
  180.0000    94.0000     0.1344
  180.0000    96.0000     0.1319
  180.0000    98.0000     0.1344
  180.0000   100.0000     0.1303
  180.0000   102.0000     0.1303
  180.0000   106.0000     0.1339
  180.0000   108.0000     0.1308
  180.0000   110.0000     0.1314
  180.0000   112.0000     0.1303
  180.0000   114.0000     0.1293
  180.0000   116.0000     0.1298
  180.0000   118.0000     0.1278
  180.0000   120.0000     0.1222
  180.0000   122.0000     0.1227
  180.0000   124.0000     0.1232
  180.0000   126.0000     0.1252
  180.0000   128.0000     0.1227
  180.0000   130.0000     0.1227
  180.0000   132.0000     0.1160
  180.0000   134.0000     0.1160
  180.0000   136.0000     0.1124
  180.0000   138.0000     0.1058
  180.0000   140.0000     0.1017
  180.0000   142.0000     0.1027
  180.0000   144.0000     0.1017
  180.0000   146.0000     0.0997
  180.0000   148.0000     0.0976
  180.0000   150.0000     0.0925
  180.0000   152.0000     0.0879
  180.0000   154.0000     0.0879
  180.0000   156.0000     0.0879
  180.0000   158.0000     0.0808
  180.0000   160.0000     0.0726
  180.0000   162.0000     0.0680
  180.0000   164.0000     0.0654
  180.0000   166.0000     0.0562
  180.0000   170.0000     0.0496
  180.0000   172.0000     0.0429
  180.0000   174.0000     0.0353
  180.0000   176.0000     0.0291
  180.0000   178.0000     0.0189
  180.0000   184.0000     0.0225
  180.0000   186.0000     0.0286
  180.0000   188.0000     0.0353
  180.0000   190.0000     0.0419
  195.0000    88.0000     0.1408
  195.0000    90.0000     0.1361
  195.0000    92.0000     0.1391
  195.0000    94.0000     0.1357
  195.0000    96.0000     0.1357
  195.0000    98.0000     0.1302
  195.0000   100.0000     0.1302
  195.0000   102.0000     0.1298
  195.0000   104.0000     0.1332
  195.0000   106.0000     0.1289
  195.0000   108.0000     0.1285
  195.0000   110.0000     0.1289
  195.0000   112.0000     0.1306
  195.0000   114.0000     0.1327
  195.0000   116.0000     0.1353
  195.0000   118.0000     0.1336
  195.0000   120.0000     0.1327
  195.0000   122.0000     0.1340
  195.0000   124.0000     0.1357
  195.0000   126.0000     0.1378
  195.0000   132.0000     0.1259
  195.0000   136.0000     0.1242
  195.0000   138.0000     0.1204
  195.0000   140.0000     0.1191
  195.0000   142.0000     0.1162
  195.0000   144.0000     0.1149
  195.0000   146.0000     0.1149
  195.0000   148.0000     0.1132
  195.0000   150.0000     0.1077
  195.0000   152.0000     0.1034
  195.0000   154.0000     0.1043
  195.0000   156.0000     0.1041
  195.0000   158.0000     0.1003
  195.0000   160.0000     0.0939
  195.0000   162.0000     0.0897
  195.0000   164.0000     0.0863
  195.0000   166.0000     0.0816
  195.0000   170.0000     0.0786
  195.0000   172.0000     0.0714
  195.0000   174.0000     0.0625
  195.0000   176.0000     0.0608
  195.0000   178.0000     0.0574
  195.0000   180.0000     0.0531
  195.0000   182.0000     0.0468
  195.0000   184.0000     0.0395
  195.0000   186.0000     0.0344
  195.0000   188.0000     0.0306
  195.0000   190.0000     0.0246
