0.00 272.78 0.00
1.00 272.81 1.00
2.00 272.85 2.00
3.00 272.90 3.00
4.00 272.95 4.00
5.00 272.99 5.00
6.00 272.99 6.00
7.00 273.02 7.00
8.00 273.01 8.00
9.00 272.99 9.00
10.00 272.99 10.00
11.00 273.00 11.00
12.00 273.03 12.00
13.00 273.03 13.00
14.00 273.00 14.00
15.00 272.97 15.00
16.00 272.97 16.00
17.00 272.94 17.00
18.00 272.92 18.00
19.00 272.90 19.00
20.00 272.85 20.00
21.00 272.78 21.00
22.00 272.74 22.00
23.00 272.70 23.00
24.00 272.65 24.00
25.00 272.58 25.00
26.00 272.48 26.00
27.00 272.36 27.00
28.00 272.29 28.00
29.00 272.22 29.00
30.00 272.13 30.00
31.00 272.02 31.00
32.00 271.93 32.00
33.00 271.90 33.00
34.00 271.85 34.00
35.00 271.78 35.00
36.00 271.60 36.00
37.00 271.41 37.00
38.00 271.30 38.00
39.00 271.19 39.00
40.00 271.08 40.00
41.00 270.95 41.00
42.00 270.70 42.00
43.00 270.39 43.00
44.00 270.17 44.00
45.00 269.96 45.00
46.00 269.73 46.00
47.00 269.52 47.00
48.00 269.29 48.00
49.00 269.07 49.00
50.00 268.87 50.00
51.00 268.57 51.00
52.00 268.41 52.00
53.00 268.23 53.00
54.00 268.08 54.00
55.00 267.89 55.00
56.00 267.61 56.00
57.00 267.36 57.00
58.00 267.17 58.00
59.00 266.86 59.00
60.00 266.70 60.00
61.00 266.55 61.00
62.00 266.28 62.00
63.00 266.19 63.00
64.00 266.06 64.00
65.00 265.92 65.00
66.00 265.82 66.00
67.00 265.56 67.00
68.00 265.43 68.00
69.00 265.29 69.00
70.00 265.11 70.00
71.00 265.06 71.00
72.00 265.04 72.00
73.00 264.82 73.00
74.00 264.71 74.00
75.00 264.51 75.00
76.00 264.39 76.00
77.00 264.27 77.00
78.00 264.20 78.00
79.00 264.14 79.00
80.00 264.04 80.00
81.00 263.88 81.00
82.00 263.78 82.00
83.00 263.57 83.00
84.00 263.42 84.00
85.00 263.35 85.00
86.00 263.17 86.00
87.00 263.03 87.00
88.00 262.83 88.00
89.00 262.66 89.00
90.00 262.50 90.00
91.00 262.35 91.00
92.00 262.24 92.00
93.00 262.10 93.00
94.00 261.90 94.00
95.00 261.72 95.00
96.00 261.69 96.00
97.00 261.76 97.00
98.00 261.87 98.00
99.00 261.99 99.00
100.00 262.06 100.00
101.00 262.28 101.00
102.00 262.56 102.00
103.00 262.80 103.00
104.00 263.04 104.00
105.00 263.31 105.00
106.00 263.60 106.00
107.00 263.82 107.00
108.00 264.05 108.00
109.00 264.32 109.00
110.00 264.55 110.00
111.00 264.79 111.00
112.00 265.08 112.00
113.00 265.33 113.00
114.00 265.57 114.00
115.00 265.73 115.00
116.00 265.97 116.00
117.00 266.26 117.00
118.00 266.40 118.00
119.00 266.60 119.00
120.00 266.86 120.00
121.00 267.09 121.00
122.00 267.36 122.00
123.00 267.65 123.00
124.00 267.87 124.00
125.00 268.02 125.00
126.00 268.21 126.00
127.00 268.42 127.00
128.00 268.61 128.00
129.00 268.94 129.00
130.00 269.11 130.00
131.00 269.24 131.00
132.00 269.43 132.00
133.00 269.62 133.00
134.00 269.74 134.00
135.00 269.87 135.00
136.00 270.13 136.00
137.00 270.30 137.00
138.00 270.44 138.00
139.00 270.58 139.00
140.00 270.77 140.00
141.00 270.94 141.00
142.00 271.12 142.00
143.00 271.32 143.00
144.00 271.47 144.00
145.00 271.64 145.00
146.00 271.89 146.00
147.00 271.98 147.00
148.00 272.11 148.00
149.00 272.17 149.00
150.00 272.60 150.00
151.00 272.89 151.00
152.00 272.97 152.00
153.00 272.97 153.00
154.00 273.06 154.00
155.00 273.18 155.00
156.00 273.29 156.00
157.00 273.51 157.00
158.00 273.66 158.00
159.00 273.76 159.00
160.00 273.94 160.00
161.00 274.07 161.00
162.00 274.10 162.00
163.00 274.24 163.00
164.00 274.30 164.00
165.00 274.53 165.00
166.00 274.66 166.00
167.00 274.92 167.00
168.00 275.04 168.00
169.00 275.06 169.00
170.00 275.14 170.00
171.00 275.20 171.00
172.00 275.26 172.00
173.00 275.36 173.00
174.00 275.45 174.00
175.00 275.54 175.00
176.00 275.59 176.00
177.00 275.65 177.00
178.00 275.78 178.00
179.00 275.81 179.00
180.00 275.98 180.00
181.00 276.05 181.00
182.00 276.13 182.00
183.00 276.16 183.00
184.00 276.22 184.00
185.00 276.23 185.00
186.00 276.23 186.00
187.00 276.22 187.00
188.00 276.19 188.00
189.00 276.18 189.00
190.00 276.17 190.00
191.00 276.08 191.00
192.00 275.89 192.00
193.00 275.73 193.00
194.00 275.56 194.00
195.00 275.50 195.00
