    0.0000     1.0000     0.0038
    0.0000     2.0000     0.0067
    0.0000     6.0000     0.0148
    0.0000    10.0000     0.0164
    0.0000    12.0000     0.0202
    0.0000    14.0000     0.0242
    0.0000    22.0000     0.0339
    0.0000    28.0000     0.0422
    0.0000    30.0000     0.0447
    0.0000    32.0000     0.0490
    0.0000    42.0000     0.0589
   15.0000     0.0000     0.0256
   15.0000     2.0000     0.0234
   15.0000    10.0000     0.0140
   15.0000    12.0000     0.0092
   15.0000    14.0000     0.0051
   15.0000    16.0000     0.0048
   15.0000    18.0000     0.0089
   15.0000    20.0000     0.0105
   15.0000    22.0000     0.0151
   15.0000    24.0000     0.0188
   15.0000    26.0000     0.0234
   15.0000    28.0000     0.0274
   15.0000    30.0000     0.0293
   15.0000    32.0000     0.0336
   15.0000    34.0000     0.0377
   15.0000    36.0000     0.0417
   15.0000    38.0000     0.0441
   15.0000    40.0000     0.0455
   15.0000    42.0000     0.0479
   15.0000    44.0000     0.0460
   15.0000    46.0000     0.0460
   15.0000    48.0000     0.0463
   15.0000    50.0000     0.0465
   15.0000    52.0000     0.0474
   15.0000    54.0000     0.0495
   15.0000    56.0000     0.0519
   15.0000    58.0000     0.0538
   15.0000    60.0000     0.0605
   15.0000    62.0000     0.0651
   15.0000    64.0000     0.0659
   15.0000    66.0000     0.0667
   15.0000    68.0000     0.0678
   15.0000    70.0000     0.0678
   15.0000    72.0000     0.0694
   15.0000    86.0000     0.0503
   15.0000    90.0000     0.0448
   15.0000    92.0000     0.0474
   15.0000    94.0000     0.0478
   15.0000    96.0000     0.0459
   15.0000   100.0000     0.0448
   15.0000   102.0000     0.0478
   15.0000   104.0000     0.0503
   15.0000   106.0000     0.0503
   15.0000   108.0000     0.0492
   15.0000   110.0000     0.0533
   15.0000   112.0000     0.0540
   15.0000   114.0000     0.0573
   15.0000   116.0000     0.0566
   15.0000   124.0000     0.0664
   15.0000   126.0000     0.0697
   15.0000   128.0000     0.0724
   15.0000   130.0000     0.0734
   15.0000   132.0000     0.0761
   30.0000     0.0000     0.0455
   30.0000     2.0000     0.0463
   30.0000     4.0000     0.0452
   30.0000     6.0000     0.0436
   30.0000     8.0000     0.0433
   30.0000    10.0000     0.0385
   30.0000    12.0000     0.0352
   30.0000    14.0000     0.0315
   30.0000    16.0000     0.0290
   30.0000    18.0000     0.0245
   30.0000    20.0000     0.0221
   30.0000    22.0000     0.0194
   30.0000    24.0000     0.0145
   30.0000    26.0000     0.0121
   30.0000    28.0000     0.0081
   30.0000    32.0000     0.0097
   30.0000    34.0000     0.0156
   30.0000    38.0000     0.0231
   30.0000    40.0000     0.0248
   30.0000    42.0000     0.0299
   30.0000    44.0000     0.0288
   30.0000    46.0000     0.0309
   30.0000    48.0000     0.0347
   30.0000    50.0000     0.0355
   30.0000    52.0000     0.0363
   30.0000    54.0000     0.0379
   30.0000    58.0000     0.0439
   30.0000    60.0000     0.0487
   30.0000    62.0000     0.0546
   30.0000    64.0000     0.0592
   30.0000    66.0000     0.0636
   30.0000    92.0000     0.0547
   30.0000    94.0000     0.0558
   30.0000    96.0000     0.0561
   30.0000    98.0000     0.0556
   30.0000   100.0000     0.0545
   30.0000   102.0000     0.0563
   30.0000   104.0000     0.0580
   30.0000   106.0000     0.0585
   30.0000   108.0000     0.0566
   30.0000   110.0000     0.0631
   30.0000   112.0000     0.0607
   30.0000   114.0000     0.0671
   30.0000   120.0000     0.0693
   30.0000   126.0000     0.0768
   30.0000   130.0000     0.0784
   30.0000   132.0000     0.0814
   30.0000   134.0000     0.0843
   30.0000   136.0000     0.0884
   30.0000   138.0000     0.0824
   30.0000   140.0000     0.0889
   45.0000     2.0000     0.0570
   45.0000     8.0000     0.0551
   45.0000    10.0000     0.0508
   45.0000    12.0000     0.0503
   45.0000    14.0000     0.0484
   45.0000    16.0000     0.0463
   45.0000    18.0000     0.0449
   45.0000    20.0000     0.0425
   45.0000    22.0000     0.0430
   45.0000    24.0000     0.0398
   45.0000    26.0000     0.0376
   45.0000    28.0000     0.0344
   45.0000    30.0000     0.0309
   45.0000    32.0000     0.0263
   45.0000    34.0000     0.0234
   45.0000    36.0000     0.0199
   45.0000    38.0000     0.0178
   45.0000    42.0000     0.0085
   45.0000    48.0000     0.0089
   45.0000    50.0000     0.0131
   45.0000    52.0000     0.0195
   45.0000    54.0000     0.0234
   45.0000    56.0000     0.0270
   45.0000    58.0000     0.0284
   45.0000    60.0000     0.0341
   45.0000    62.0000     0.0408
   45.0000    64.0000     0.0447
   45.0000    66.0000     0.0490
   45.0000    68.0000     0.0536
   45.0000    70.0000     0.0575
   45.0000    72.0000     0.0586
   45.0000    80.0000     0.0639
   45.0000    82.0000     0.0621
   45.0000    92.0000     0.0554
   45.0000    94.0000     0.0557
   45.0000    96.0000     0.0576
   45.0000   100.0000     0.0535
   45.0000   102.0000     0.0576
   45.0000   104.0000     0.0576
   45.0000   106.0000     0.0569
   45.0000   108.0000     0.0569
   45.0000   112.0000     0.0618
   45.0000   114.0000     0.0659
   60.0000     8.0000     0.0671
   60.0000    10.0000     0.0634
   60.0000    12.0000     0.0624
   60.0000    14.0000     0.0624
   60.0000    16.0000     0.0608
   60.0000    18.0000     0.0603
   60.0000    20.0000     0.0563
   60.0000    22.0000     0.0597
   60.0000    24.0000     0.0583
   60.0000    26.0000     0.0590
   60.0000    28.0000     0.0546
   60.0000    30.0000     0.0485
   60.0000    32.0000     0.0474
   60.0000    34.0000     0.0451
   60.0000    36.0000     0.0427
   60.0000    40.0000     0.0424
   60.0000    42.0000     0.0417
   60.0000    44.0000     0.0366
   60.0000    46.0000     0.0336
   60.0000    48.0000     0.0285
   60.0000    50.0000     0.0251
   60.0000    52.0000     0.0197
   60.0000    54.0000     0.0169
   60.0000    56.0000     0.0142
   60.0000    58.0000     0.0078
   60.0000    62.0000     0.0129
   60.0000    64.0000     0.0166
   60.0000    66.0000     0.0220
   60.0000    68.0000     0.0271
   60.0000    70.0000     0.0288
   60.0000    72.0000     0.0312
   60.0000    74.0000     0.0332
   60.0000    76.0000     0.0397
   60.0000    78.0000     0.0359
   60.0000    80.0000     0.0366
   60.0000    82.0000     0.0380
   60.0000    84.0000     0.0383
   60.0000    86.0000     0.0400
   60.0000    88.0000     0.0407
   60.0000    90.0000     0.0393
   60.0000    92.0000     0.0417
   60.0000    94.0000     0.0424
   60.0000    96.0000     0.0424
   60.0000   100.0000     0.0407
   60.0000   102.0000     0.0434
   60.0000   104.0000     0.0434
   60.0000   108.0000     0.0444
   60.0000   112.0000     0.0458
   60.0000   114.0000     0.0478
   60.0000   120.0000     0.0532
   60.0000   124.0000     0.0573
   60.0000   126.0000     0.0600
   60.0000   130.0000     0.0654
   60.0000   132.0000     0.0651
   60.0000   134.0000     0.0630
   60.0000   136.0000     0.0688
   60.0000   138.0000     0.0661
   75.0000    50.0000     0.0538
   75.0000    52.0000     0.0508
   75.0000    54.0000     0.0489
   75.0000    58.0000     0.0410
   75.0000    60.0000     0.0384
   75.0000    62.0000     0.0346
   75.0000    64.0000     0.0279
   75.0000    66.0000     0.0219
   75.0000    68.0000     0.0162
   75.0000    70.0000     0.0130
   75.0000    72.0000     0.0092
   75.0000    74.0000     0.0032
   75.0000    76.0000     0.0029
   75.0000    78.0000     0.0083
   75.0000    80.0000     0.0118
   75.0000    82.0000     0.0124
   75.0000    84.0000     0.0146
   75.0000    86.0000     0.0194
   75.0000    88.0000     0.0222
   75.0000    90.0000     0.0238
   75.0000    92.0000     0.0260
   75.0000    94.0000     0.0279
   75.0000    96.0000     0.0286
   75.0000    98.0000     0.0295
   75.0000   100.0000     0.0302
   75.0000   102.0000     0.0321
   75.0000   104.0000     0.0343
   75.0000   106.0000     0.0359
   75.0000   108.0000     0.0352
   75.0000   110.0000     0.0371
   75.0000   112.0000     0.0391
   75.0000   114.0000     0.0422
   90.0000     8.0000     0.0546
   90.0000    12.0000     0.0490
   90.0000    14.0000     0.0474
   90.0000    16.0000     0.0484
   90.0000    18.0000     0.0490
   90.0000    22.0000     0.0500
   90.0000    24.0000     0.0525
   90.0000    26.0000     0.0543
   90.0000    28.0000     0.0562
   90.0000    30.0000     0.0546
   90.0000    32.0000     0.0527
   90.0000    34.0000     0.0508
   90.0000    36.0000     0.0527
   90.0000    48.0000     0.0527
   90.0000    50.0000     0.0498
   90.0000    52.0000     0.0457
   90.0000    54.0000     0.0417
   90.0000    58.0000     0.0393
   90.0000    60.0000     0.0396
   90.0000    62.0000     0.0414
   90.0000    64.0000     0.0379
   90.0000    66.0000     0.0339
   90.0000    68.0000     0.0283
   90.0000    70.0000     0.0264
   90.0000    72.0000     0.0245
   90.0000    76.0000     0.0223
   90.0000    78.0000     0.0207
   90.0000    80.0000     0.0194
   90.0000    82.0000     0.0172
   90.0000    84.0000     0.0153
   90.0000    86.0000     0.0121
   90.0000    88.0000     0.0094
   90.0000    92.0000     0.0094
   90.0000    94.0000     0.0116
   90.0000    96.0000     0.0161
   90.0000    98.0000     0.0175
   90.0000   100.0000     0.0183
   90.0000   102.0000     0.0210
   90.0000   104.0000     0.0218
   90.0000   106.0000     0.0239
   90.0000   108.0000     0.0245
   90.0000   110.0000     0.0258
   90.0000   112.0000     0.0264
   90.0000   114.0000     0.0290
   90.0000   118.0000     0.0342
   90.0000   120.0000     0.0377
   90.0000   124.0000     0.0441
   90.0000   126.0000     0.0460
   90.0000   130.0000     0.0487
   90.0000   132.0000     0.0519
   90.0000   134.0000     0.0535
   90.0000   136.0000     0.0557
   90.0000   138.0000     0.0538
  105.0000    16.0000     0.0517
  105.0000    18.0000     0.0517
  105.0000    22.0000     0.0541
  105.0000    24.0000     0.0541
  105.0000    26.0000     0.0562
  105.0000    58.0000     0.0423
  105.0000    60.0000     0.0441
  105.0000    62.0000     0.0444
  105.0000    64.0000     0.0455
  105.0000    66.0000     0.0430
  105.0000    68.0000     0.0385
  105.0000    70.0000     0.0357
  105.0000    72.0000     0.0340
  105.0000    76.0000     0.0337
  105.0000    80.0000     0.0319
  105.0000    82.0000     0.0305
  105.0000    86.0000     0.0285
  105.0000    90.0000     0.0232
  105.0000    92.0000     0.0229
  105.0000    94.0000     0.0215
  105.0000    96.0000     0.0201
  105.0000    98.0000     0.0187
  105.0000   100.0000     0.0153
  105.0000   102.0000     0.0142
  105.0000   106.0000     0.0083
  105.0000   108.0000     0.0132
  105.0000   110.0000     0.0121
  105.0000   112.0000     0.0153
  105.0000   114.0000     0.0184
  105.0000   118.0000     0.0226
  105.0000   120.0000     0.0278
  105.0000   124.0000     0.0364
  105.0000   126.0000     0.0416
  105.0000   128.0000     0.0444
  105.0000   130.0000     0.0462
  105.0000   132.0000     0.0482
  105.0000   134.0000     0.0503
  105.0000   136.0000     0.0545
  105.0000   138.0000     0.0520
  105.0000   140.0000     0.0576
  105.0000   144.0000     0.0514
  105.0000   148.0000     0.0534
  105.0000   152.0000     0.0527
  105.0000   158.0000     0.0555
  105.0000   160.0000     0.0590
  105.0000   162.0000     0.0566
  105.0000   164.0000     0.0587
  105.0000   166.0000     0.0576
  120.0000    58.0000     0.0556
  120.0000    60.0000     0.0523
  120.0000    62.0000     0.0537
  120.0000    64.0000     0.0541
  120.0000    66.0000     0.0530
  120.0000    68.0000     0.0512
  120.0000    70.0000     0.0516
  120.0000    72.0000     0.0516
  120.0000    80.0000     0.0469
  120.0000    82.0000     0.0479
  120.0000    86.0000     0.0428
  120.0000    90.0000     0.0381
  120.0000    92.0000     0.0370
  120.0000    96.0000     0.0356
  120.0000    98.0000     0.0352
  120.0000   100.0000     0.0301
  120.0000   102.0000     0.0316
  120.0000   104.0000     0.0298
  120.0000   106.0000     0.0283
  120.0000   108.0000     0.0236
  120.0000   110.0000     0.0203
  120.0000   112.0000     0.0163
  120.0000   114.0000     0.0149
  120.0000   124.0000     0.0120
  120.0000   126.0000     0.0174
  120.0000   128.0000     0.0221
  120.0000   130.0000     0.0276
  120.0000   132.0000     0.0294
  120.0000   134.0000     0.0341
  120.0000   136.0000     0.0381
  120.0000   138.0000     0.0378
  120.0000   140.0000     0.0443
  120.0000   148.0000     0.0501
  120.0000   150.0000     0.0556
  120.0000   152.0000     0.0614
  120.0000   154.0000     0.0588
  120.0000   158.0000     0.0610
  120.0000   160.0000     0.0607
  120.0000   162.0000     0.0636
  120.0000   164.0000     0.0639
  120.0000   168.0000     0.0679
  120.0000   170.0000     0.0696
  120.0000   180.0000     0.0728
  120.0000   182.0000     0.0720
  120.0000   184.0000     0.0712
  120.0000   186.0000     0.0724
  120.0000   188.0000     0.0736
  135.0000    86.0000     0.0627
  135.0000    88.0000     0.0608
  135.0000    90.0000     0.0576
  135.0000    94.0000     0.0565
  135.0000    96.0000     0.0573
  135.0000   100.0000     0.0522
  135.0000   102.0000     0.0549
  135.0000   104.0000     0.0549
  135.0000   106.0000     0.0541
  135.0000   108.0000     0.0530
  135.0000   110.0000     0.0514
  135.0000   112.0000     0.0474
  135.0000   114.0000     0.0455
  135.0000   116.0000     0.0420
  135.0000   118.0000     0.0344
  135.0000   120.0000     0.0347
  135.0000   124.0000     0.0283
  135.0000   126.0000     0.0237
  135.0000   132.0000     0.0089
  135.0000   138.0000     0.0094
  135.0000   142.0000     0.0178
  135.0000   144.0000     0.0207
  135.0000   146.0000     0.0248
  135.0000   150.0000     0.0342
  135.0000   152.0000     0.0339
  135.0000   154.0000     0.0387
  135.0000   156.0000     0.0422
  135.0000   158.0000     0.0449
  135.0000   160.0000     0.0481
  135.0000   162.0000     0.0527
  135.0000   164.0000     0.0549
  135.0000   166.0000     0.0578
  135.0000   168.0000     0.0616
  135.0000   170.0000     0.0638
  135.0000   176.0000     0.0716
  135.0000   178.0000     0.0729
  135.0000   180.0000     0.0753
  135.0000   182.0000     0.0769
  135.0000   184.0000     0.0794
  135.0000   186.0000     0.0802
  135.0000   188.0000     0.0829
  135.0000   190.0000     0.0839
  150.0000    80.0000     0.0646
  150.0000    86.0000     0.0624
  150.0000    90.0000     0.0578
  150.0000    92.0000     0.0592
  150.0000   100.0000     0.0576
  150.0000   104.0000     0.0587
  150.0000   106.0000     0.0581
  150.0000   108.0000     0.0581
  150.0000   120.0000     0.0568
  150.0000   122.0000     0.0533
  150.0000   124.0000     0.0484
  150.0000   126.0000     0.0452
  150.0000   130.0000     0.0379
  150.0000   132.0000     0.0352
  150.0000   134.0000     0.0339
  150.0000   136.0000     0.0315
  150.0000   138.0000     0.0272
  150.0000   142.0000     0.0231
  150.0000   144.0000     0.0183
  150.0000   146.0000     0.0105
  150.0000   156.0000     0.0183
  150.0000   158.0000     0.0234
  150.0000   160.0000     0.0285
  150.0000   162.0000     0.0328
  150.0000   164.0000     0.0363
  150.0000   166.0000     0.0428
  150.0000   168.0000     0.0468
  150.0000   170.0000     0.0495
  150.0000   172.0000     0.0549
  150.0000   176.0000     0.0600
  150.0000   178.0000     0.0608
  150.0000   180.0000     0.0632
  150.0000   182.0000     0.0648
  150.0000   184.0000     0.0662
  150.0000   186.0000     0.0681
  150.0000   188.0000     0.0702
  150.0000   190.0000     0.0724
  165.0000   100.0000     0.0597
  165.0000   102.0000     0.0592
  165.0000   104.0000     0.0578
  165.0000   108.0000     0.0587
  165.0000   112.0000     0.0621
  165.0000   114.0000     0.0630
  165.0000   120.0000     0.0627
  165.0000   122.0000     0.0646
  165.0000   124.0000     0.0710
  165.0000   126.0000     0.0694
  165.0000   130.0000     0.0627
  165.0000   132.0000     0.0592
  165.0000   134.0000     0.0589
  165.0000   136.0000     0.0587
  165.0000   138.0000     0.0546
  165.0000   142.0000     0.0503
  165.0000   144.0000     0.0481
  165.0000   152.0000     0.0344
  165.0000   154.0000     0.0315
  165.0000   158.0000     0.0210
  165.0000   160.0000     0.0148
  165.0000   162.0000     0.0089
  165.0000   166.0000     0.0048
  165.0000   168.0000     0.0097
  165.0000   170.0000     0.0153
  165.0000   176.0000     0.0269
  165.0000   178.0000     0.0307
  165.0000   180.0000     0.0339
  165.0000   182.0000     0.0377
  165.0000   184.0000     0.0406
  165.0000   186.0000     0.0433
  165.0000   188.0000     0.0465
  165.0000   190.0000     0.0484
  180.0000    78.0000     0.0775
  180.0000    80.0000     0.0756
  180.0000    82.0000     0.0742
  180.0000    96.0000     0.0662
  180.0000   102.0000     0.0651
  180.0000   104.0000     0.0651
  180.0000   106.0000     0.0680
  180.0000   108.0000     0.0655
  180.0000   112.0000     0.0673
  180.0000   114.0000     0.0688
  180.0000   120.0000     0.0723
  180.0000   122.0000     0.0726
  180.0000   126.0000     0.0752
  180.0000   130.0000     0.0795
  180.0000   132.0000     0.0766
  180.0000   134.0000     0.0756
  180.0000   136.0000     0.0748
  180.0000   138.0000     0.0726
  180.0000   142.0000     0.0707
  180.0000   144.0000     0.0681
  180.0000   146.0000     0.0667
  180.0000   148.0000     0.0681
  180.0000   150.0000     0.0632
  180.0000   152.0000     0.0573
  180.0000   154.0000     0.0557
  180.0000   156.0000     0.0535
  180.0000   158.0000     0.0500
  180.0000   160.0000     0.0471
  180.0000   162.0000     0.0409
  180.0000   164.0000     0.0374
  180.0000   166.0000     0.0320
  180.0000   168.0000     0.0296
  180.0000   170.0000     0.0266
  180.0000   172.0000     0.0226
  180.0000   176.0000     0.0135
  180.0000   178.0000     0.0097
  180.0000   182.0000     0.0075
  180.0000   184.0000     0.0110
  180.0000   186.0000     0.0159
  180.0000   188.0000     0.0210
  180.0000   190.0000     0.0245
  195.0000   130.0000     0.0916
  195.0000   132.0000     0.0879
  195.0000   136.0000     0.0838
  195.0000   138.0000     0.0810
  195.0000   144.0000     0.0777
  195.0000   148.0000     0.0767
  195.0000   152.0000     0.0675
  195.0000   154.0000     0.0673
  195.0000   156.0000     0.0646
  195.0000   158.0000     0.0616
  195.0000   160.0000     0.0578
  195.0000   162.0000     0.0533
  195.0000   164.0000     0.0506
  195.0000   166.0000     0.0476
  195.0000   168.0000     0.0452
  195.0000   170.0000     0.0420
  195.0000   172.0000     0.0393
  195.0000   176.0000     0.0363
  195.0000   178.0000     0.0350
  195.0000   180.0000     0.0317
  195.0000   182.0000     0.0272
  195.0000   184.0000     0.0231
  195.0000   186.0000     0.0183
  195.0000   188.0000     0.0143
  195.0000   190.0000     0.0108
